123459.000000 5
123459.000000 234570.000000 30
123456789
123459.000000 234570.100000 30
123456789
123459.000000 234570.200000 30
123456789
123459.000000 234570.300000 30
123456789
123459.000000 234570.400000 30
123456789
123461.000000 5
123461.000000 234572.000000 30
123456789
123461.000000 234572.100000 30
123456789
123461.000000 234572.200000 30
123456789
123461.000000 234572.300000 30
123456789
123461.000000 234572.400000 30
123456789
123463.000000 5
123463.000000 234574.000000 30
123456789
123463.000000 234574.100000 30
123456789
123463.000000 234574.200000 30
123456789
123463.000000 234574.300000 30
123456789
123463.000000 234574.400000 30
123456789
123465.000000 5
123465.000000 234576.000000 30
123456789
123465.000000 234576.100000 30
123456789
123465.000000 234576.200000 30
123456789
123465.000000 234576.300000 30
123456789
123465.000000 234576.400000 30
123456789
123467.000000 5
123467.000000 234578.000000 30
123456789
123467.000000 234578.100000 30
123456789
123467.000000 234578.200000 30
123456789
123467.000000 234578.300000 30
123456789
123467.000000 234578.400000 30
123456789
123469.000000 5
123469.000000 234580.000000 30
123456789
123469.000000 234580.100000 30
123456789
123469.000000 234580.200000 30
123456789
123469.000000 234580.300000 30
123456789
123469.000000 234580.400000 30
123456789
123471.000000 5
123471.000000 234582.000000 30
123456789
123471.000000 234582.100000 30
123456789
123471.000000 234582.200000 30
123456789
123471.000000 234582.300000 30
123456789
123471.000000 234582.400000 30
123456789
123473.000000 5
123473.000000 234584.000000 30
123456789
123473.000000 234584.100000 30
123456789
123473.000000 234584.200000 30
123456789
123473.000000 234584.300000 30
123456789
123473.000000 234584.400000 30
123456789
123475.000000 5
123475.000000 234586.000000 30
123456789
123475.000000 234586.100000 30
123456789
123475.000000 234586.200000 30
123456789
123475.000000 234586.300000 30
123456789
123475.000000 234586.400000 30
123456789
123477.000000 5
123477.000000 234588.000000 30
123456789
123477.000000 234588.100000 30
123456789
123477.000000 234588.200000 30
123456789
123477.000000 234588.300000 30
123456789
123477.000000 234588.400000 30
123456789
123479.000000 5
123479.000000 234590.000000 30
123456789
123479.000000 234590.100000 30
123456789
123479.000000 234590.200000 30
123456789
123479.000000 234590.300000 30
123456789
123479.000000 234590.400000 30
123456789
123481.000000 5
123481.000000 234592.000000 30
123456789
123481.000000 234592.100000 30
123456789
123481.000000 234592.200000 30
123456789
123481.000000 234592.300000 30
123456789
123481.000000 234592.400000 30
123456789
123483.000000 5
123483.000000 234594.000000 30
123456789
123483.000000 234594.100000 30
123456789
123483.000000 234594.200000 30
123456789
123483.000000 234594.300000 30
123456789
123483.000000 234594.400000 30
123456789
123485.000000 5
123485.000000 234596.000000 30
123456789
123485.000000 234596.100000 30
123456789
123485.000000 234596.200000 30
123456789
123485.000000 234596.300000 30
123456789
123485.000000 234596.400000 30
123456789
123487.000000 5
123487.000000 234598.000000 30
123456789
123487.000000 234598.100000 30
123456789
123487.000000 234598.200000 30
123456789
123487.000000 234598.300000 30
123456789
123487.000000 234598.400000 30
123456789
123489.000000 5
123489.000000 234600.000000 30
123456789
123489.000000 234600.100000 30
123456789
123489.000000 234600.200000 30
123456789
123489.000000 234600.300000 30
123456789
123489.000000 234600.400000 30
123456789
123491.000000 5
123491.000000 234602.000000 30
123456789
123491.000000 234602.100000 30
123456789
123491.000000 234602.200000 30
123456789
123491.000000 234602.300000 30
123456789
123491.000000 234602.400000 30
123456789
123493.000000 5
123493.000000 234604.000000 30
123456789
123493.000000 234604.100000 30
123456789
123493.000000 234604.200000 30
123456789
123493.000000 234604.300000 30
123456789
123493.000000 234604.400000 30
123456789
123495.000000 5
123495.000000 234606.000000 30
123456789
123495.000000 234606.100000 30
123456789
123495.000000 234606.200000 30
123456789
123495.000000 234606.300000 30
123456789
123495.000000 234606.400000 30
123456789
123497.000000 5
123497.000000 234608.000000 30
123456789
123497.000000 234608.100000 30
123456789
123497.000000 234608.200000 30
123456789
123497.000000 234608.300000 30
123456789
123497.000000 234608.400000 30
123456789
123499.000000 5
123499.000000 234610.000000 30
123456789
123499.000000 234610.100000 30
123456789
123499.000000 234610.200000 30
123456789
123499.000000 234610.300000 30
123456789
123499.000000 234610.400000 30
123456789
123501.000000 5
123501.000000 234612.000000 30
123456789
123501.000000 234612.100000 30
123456789
123501.000000 234612.200000 30
123456789
123501.000000 234612.300000 30
123456789
123501.000000 234612.400000 30
123456789
123503.000000 5
123503.000000 234614.000000 30
123456789
123503.000000 234614.100000 30
123456789
123503.000000 234614.200000 30
123456789
123503.000000 234614.300000 30
123456789
123503.000000 234614.400000 30
123456789
123505.000000 5
123505.000000 234616.000000 30
123456789
123505.000000 234616.100000 30
123456789
123505.000000 234616.200000 30
123456789
123505.000000 234616.300000 30
123456789
123505.000000 234616.400000 30
123456789
123507.000000 5
123507.000000 234618.000000 30
123456789
123507.000000 234618.100000 30
123456789
123507.000000 234618.200000 30
123456789
123507.000000 234618.300000 30
123456789
123507.000000 234618.400000 30
123456789
123509.000000 5
123509.000000 234620.000000 30
123456789
123509.000000 234620.100000 30
123456789
123509.000000 234620.200000 30
123456789
123509.000000 234620.300000 30
123456789
123509.000000 234620.400000 30
123456789
123511.000000 5
123511.000000 234622.000000 30
123456789
123511.000000 234622.100000 30
123456789
123511.000000 234622.200000 30
123456789
123511.000000 234622.300000 30
123456789
123511.000000 234622.400000 30
123456789
123513.000000 5
123513.000000 234624.000000 30
123456789
123513.000000 234624.100000 30
123456789
123513.000000 234624.200000 30
123456789
123513.000000 234624.300000 30
123456789
123513.000000 234624.400000 30
123456789
123515.000000 5
123515.000000 234626.000000 30
123456789
123515.000000 234626.100000 30
123456789
123515.000000 234626.200000 30
123456789
123515.000000 234626.300000 30
123456789
123515.000000 234626.400000 30
123456789
123517.000000 5
123517.000000 234628.000000 30
123456789
123517.000000 234628.100000 30
123456789
123517.000000 234628.200000 30
123456789
123517.000000 234628.300000 30
123456789
123517.000000 234628.400000 30
123456789
123519.000000 5
123519.000000 234630.000000 30
123456789
123519.000000 234630.100000 30
123456789
123519.000000 234630.200000 30
123456789
123519.000000 234630.300000 30
123456789
123519.000000 234630.400000 30
123456789
123521.000000 5
123521.000000 234632.000000 30
123456789
123521.000000 234632.100000 30
123456789
123521.000000 234632.200000 30
123456789
123521.000000 234632.300000 30
123456789
123521.000000 234632.400000 30
123456789
123523.000000 5
123523.000000 234634.000000 30
123456789
123523.000000 234634.100000 30
123456789
123523.000000 234634.200000 30
123456789
123523.000000 234634.300000 30
123456789
123523.000000 234634.400000 30
123456789
123525.000000 5
123525.000000 234636.000000 30
123456789
123525.000000 234636.100000 30
123456789
123525.000000 234636.200000 30
123456789
123525.000000 234636.300000 30
123456789
123525.000000 234636.400000 30
123456789
123527.000000 5
123527.000000 234638.000000 30
123456789
123527.000000 234638.100000 30
123456789
123527.000000 234638.200000 30
123456789
123527.000000 234638.300000 30
123456789
123527.000000 234638.400000 30
123456789
123529.000000 5
123529.000000 234640.000000 30
123456789
123529.000000 234640.100000 30
123456789
123529.000000 234640.200000 30
123456789
123529.000000 234640.300000 30
123456789
123529.000000 234640.400000 30
123456789
123531.000000 5
123531.000000 234642.000000 30
123456789
123531.000000 234642.100000 30
123456789
123531.000000 234642.200000 30
123456789
123531.000000 234642.300000 30
123456789
123531.000000 234642.400000 30
123456789
123533.000000 5
123533.000000 234644.000000 30
123456789
123533.000000 234644.100000 30
123456789
123533.000000 234644.200000 30
123456789
123533.000000 234644.300000 30
123456789
123533.000000 234644.400000 30
123456789
123535.000000 5
123535.000000 234646.000000 30
123456789
123535.000000 234646.100000 30
123456789
123535.000000 234646.200000 30
123456789
123535.000000 234646.300000 30
123456789
123535.000000 234646.400000 30
123456789
123537.000000 5
123537.000000 234648.000000 30
123456789
123537.000000 234648.100000 30
123456789
123537.000000 234648.200000 30
123456789
123537.000000 234648.300000 30
123456789
123537.000000 234648.400000 30
123456789
123539.000000 5
123539.000000 234650.000000 30
123456789
123539.000000 234650.100000 30
123456789
123539.000000 234650.200000 30
123456789
123539.000000 234650.300000 30
123456789
123539.000000 234650.400000 30
123456789
123541.000000 5
123541.000000 234652.000000 30
123456789
123541.000000 234652.100000 30
123456789
123541.000000 234652.200000 30
123456789
123541.000000 234652.300000 30
123456789
123541.000000 234652.400000 30
123456789
123543.000000 5
123543.000000 234654.000000 30
123456789
123543.000000 234654.100000 30
123456789
123543.000000 234654.200000 30
123456789
123543.000000 234654.300000 30
123456789
123543.000000 234654.400000 30
123456789
123545.000000 5
123545.000000 234656.000000 30
123456789
123545.000000 234656.100000 30
123456789
123545.000000 234656.200000 30
123456789
123545.000000 234656.300000 30
123456789
123545.000000 234656.400000 30
123456789
123547.000000 5
123547.000000 234658.000000 30
123456789
123547.000000 234658.100000 30
123456789
123547.000000 234658.200000 30
123456789
123547.000000 234658.300000 30
123456789
123547.000000 234658.400000 30
123456789
123549.000000 5
123549.000000 234660.000000 30
123456789
123549.000000 234660.100000 30
123456789
123549.000000 234660.200000 30
123456789
123549.000000 234660.300000 30
123456789
123549.000000 234660.400000 30
123456789
123551.000000 5
123551.000000 234662.000000 30
123456789
123551.000000 234662.100000 30
123456789
123551.000000 234662.200000 30
123456789
123551.000000 234662.300000 30
123456789
123551.000000 234662.400000 30
123456789
123553.000000 5
123553.000000 234664.000000 30
123456789
123553.000000 234664.100000 30
123456789
123553.000000 234664.200000 30
123456789
123553.000000 234664.300000 30
123456789
123553.000000 234664.400000 30
123456789
123555.000000 5
123555.000000 234666.000000 30
123456789
123555.000000 234666.100000 30
123456789
123555.000000 234666.200000 30
123456789
123555.000000 234666.300000 30
123456789
123555.000000 234666.400000 30
123456789
123557.000000 5
123557.000000 234668.000000 30
123456789
123557.000000 234668.100000 30
123456789
123557.000000 234668.200000 30
123456789
123557.000000 234668.300000 30
123456789
123557.000000 234668.400000 30
123456789
123559.000000 5
123559.000000 234670.000000 30
123456789
123559.000000 234670.100000 30
123456789
123559.000000 234670.200000 30
123456789
123559.000000 234670.300000 30
123456789
123559.000000 234670.400000 30
123456789
123561.000000 5
123561.000000 234672.000000 30
123456789
123561.000000 234672.100000 30
123456789
123561.000000 234672.200000 30
123456789
123561.000000 234672.300000 30
123456789
123561.000000 234672.400000 30
123456789
123563.000000 5
123563.000000 234674.000000 30
123456789
123563.000000 234674.100000 30
123456789
123563.000000 234674.200000 30
123456789
123563.000000 234674.300000 30
123456789
123563.000000 234674.400000 30
123456789
123565.000000 5
123565.000000 234676.000000 30
123456789
123565.000000 234676.100000 30
123456789
123565.000000 234676.200000 30
123456789
123565.000000 234676.300000 30
123456789
123565.000000 234676.400000 30
123456789
123567.000000 5
123567.000000 234678.000000 30
123456789
123567.000000 234678.100000 30
123456789
123567.000000 234678.200000 30
123456789
123567.000000 234678.300000 30
123456789
123567.000000 234678.400000 30
123456789
123569.000000 5
123569.000000 234680.000000 30
123456789
123569.000000 234680.100000 30
123456789
123569.000000 234680.200000 30
123456789
123569.000000 234680.300000 30
123456789
123569.000000 234680.400000 30
123456789
123571.000000 5
123571.000000 234682.000000 30
123456789
123571.000000 234682.100000 30
123456789
123571.000000 234682.200000 30
123456789
123571.000000 234682.300000 30
123456789
123571.000000 234682.400000 30
123456789
123573.000000 5
123573.000000 234684.000000 30
123456789
123573.000000 234684.100000 30
123456789
123573.000000 234684.200000 30
123456789
123573.000000 234684.300000 30
123456789
123573.000000 234684.400000 30
123456789
123575.000000 5
123575.000000 234686.000000 30
123456789
123575.000000 234686.100000 30
123456789
123575.000000 234686.200000 30
123456789
123575.000000 234686.300000 30
123456789
123575.000000 234686.400000 30
123456789
123577.000000 5
123577.000000 234688.000000 30
123456789
123577.000000 234688.100000 30
123456789
123577.000000 234688.200000 30
123456789
123577.000000 234688.300000 30
123456789
123577.000000 234688.400000 30
123456789
123579.000000 5
123579.000000 234690.000000 30
123456789
123579.000000 234690.100000 30
123456789
123579.000000 234690.200000 30
123456789
123579.000000 234690.300000 30
123456789
123579.000000 234690.400000 30
123456789
123581.000000 5
123581.000000 234692.000000 30
123456789
123581.000000 234692.100000 30
123456789
123581.000000 234692.200000 30
123456789
123581.000000 234692.300000 30
123456789
123581.000000 234692.400000 30
123456789
123583.000000 5
123583.000000 234694.000000 30
123456789
123583.000000 234694.100000 30
123456789
123583.000000 234694.200000 30
123456789
123583.000000 234694.300000 30
123456789
123583.000000 234694.400000 30
123456789
123585.000000 5
123585.000000 234696.000000 30
123456789
123585.000000 234696.100000 30
123456789
123585.000000 234696.200000 30
123456789
123585.000000 234696.300000 30
123456789
123585.000000 234696.400000 30
123456789
123587.000000 5
123587.000000 234698.000000 30
123456789
123587.000000 234698.100000 30
123456789
123587.000000 234698.200000 30
123456789
123587.000000 234698.300000 30
123456789
123587.000000 234698.400000 30
123456789
123589.000000 5
123589.000000 234700.000000 30
123456789
123589.000000 234700.100000 30
123456789
123589.000000 234700.200000 30
123456789
123589.000000 234700.300000 30
123456789
123589.000000 234700.400000 30
123456789
123591.000000 5
123591.000000 234702.000000 30
123456789
123591.000000 234702.100000 30
123456789
123591.000000 234702.200000 30
123456789
123591.000000 234702.300000 30
123456789
123591.000000 234702.400000 30
123456789
123593.000000 5
123593.000000 234704.000000 30
123456789
123593.000000 234704.100000 30
123456789
123593.000000 234704.200000 30
123456789
123593.000000 234704.300000 30
123456789
123593.000000 234704.400000 30
123456789
123595.000000 5
123595.000000 234706.000000 30
123456789
123595.000000 234706.100000 30
123456789
123595.000000 234706.200000 30
123456789
123595.000000 234706.300000 30
123456789
123595.000000 234706.400000 30
123456789
123597.000000 5
123597.000000 234708.000000 30
123456789
123597.000000 234708.100000 30
123456789
123597.000000 234708.200000 30
123456789
123597.000000 234708.300000 30
123456789
123597.000000 234708.400000 30
123456789
123599.000000 5
123599.000000 234710.000000 30
123456789
123599.000000 234710.100000 30
123456789
123599.000000 234710.200000 30
123456789
123599.000000 234710.300000 30
123456789
123599.000000 234710.400000 30
123456789
123601.000000 5
123601.000000 234712.000000 30
123456789
123601.000000 234712.100000 30
123456789
123601.000000 234712.200000 30
123456789
123601.000000 234712.300000 30
123456789
123601.000000 234712.400000 30
123456789
123603.000000 5
123603.000000 234714.000000 30
123456789
123603.000000 234714.100000 30
123456789
123603.000000 234714.200000 30
123456789
123603.000000 234714.300000 30
123456789
123603.000000 234714.400000 30
123456789
123605.000000 5
123605.000000 234716.000000 30
123456789
123605.000000 234716.100000 30
123456789
123605.000000 234716.200000 30
123456789
123605.000000 234716.300000 30
123456789
123605.000000 234716.400000 30
123456789
123607.000000 5
123607.000000 234718.000000 30
123456789
123607.000000 234718.100000 30
123456789
123607.000000 234718.200000 30
123456789
123607.000000 234718.300000 30
123456789
123607.000000 234718.400000 30
123456789
123609.000000 5
123609.000000 234720.000000 30
123456789
123609.000000 234720.100000 30
123456789
123609.000000 234720.200000 30
123456789
123609.000000 234720.300000 30
123456789
123609.000000 234720.400000 30
123456789
123611.000000 5
123611.000000 234722.000000 30
123456789
123611.000000 234722.100000 30
123456789
123611.000000 234722.200000 30
123456789
123611.000000 234722.300000 30
123456789
123611.000000 234722.400000 30
123456789
123613.000000 5
123613.000000 234724.000000 30
123456789
123613.000000 234724.100000 30
123456789
123613.000000 234724.200000 30
123456789
123613.000000 234724.300000 30
123456789
123613.000000 234724.400000 30
123456789
123615.000000 5
123615.000000 234726.000000 30
123456789
123615.000000 234726.100000 30
123456789
123615.000000 234726.200000 30
123456789
123615.000000 234726.300000 30
123456789
123615.000000 234726.400000 30
123456789
123617.000000 5
123617.000000 234728.000000 30
123456789
123617.000000 234728.100000 30
123456789
123617.000000 234728.200000 30
123456789
123617.000000 234728.300000 30
123456789
123617.000000 234728.400000 30
123456789
123619.000000 5
123619.000000 234730.000000 30
123456789
123619.000000 234730.100000 30
123456789
123619.000000 234730.200000 30
123456789
123619.000000 234730.300000 30
123456789
123619.000000 234730.400000 30
123456789
123621.000000 5
123621.000000 234732.000000 30
123456789
123621.000000 234732.100000 30
123456789
123621.000000 234732.200000 30
123456789
123621.000000 234732.300000 30
123456789
123621.000000 234732.400000 30
123456789
123623.000000 5
123623.000000 234734.000000 30
123456789
123623.000000 234734.100000 30
123456789
123623.000000 234734.200000 30
123456789
123623.000000 234734.300000 30
123456789
123623.000000 234734.400000 30
123456789
123625.000000 5
123625.000000 234736.000000 30
123456789
123625.000000 234736.100000 30
123456789
123625.000000 234736.200000 30
123456789
123625.000000 234736.300000 30
123456789
123625.000000 234736.400000 30
123456789
123627.000000 5
123627.000000 234738.000000 30
123456789
123627.000000 234738.100000 30
123456789
123627.000000 234738.200000 30
123456789
123627.000000 234738.300000 30
123456789
123627.000000 234738.400000 30
123456789
123629.000000 5
123629.000000 234740.000000 30
123456789
123629.000000 234740.100000 30
123456789
123629.000000 234740.200000 30
123456789
123629.000000 234740.300000 30
123456789
123629.000000 234740.400000 30
123456789
123631.000000 5
123631.000000 234742.000000 30
123456789
123631.000000 234742.100000 30
123456789
123631.000000 234742.200000 30
123456789
123631.000000 234742.300000 30
123456789
123631.000000 234742.400000 30
123456789
123633.000000 5
123633.000000 234744.000000 30
123456789
123633.000000 234744.100000 30
123456789
123633.000000 234744.200000 30
123456789
123633.000000 234744.300000 30
123456789
123633.000000 234744.400000 30
123456789
123635.000000 5
123635.000000 234746.000000 30
123456789
123635.000000 234746.100000 30
123456789
123635.000000 234746.200000 30
123456789
123635.000000 234746.300000 30
123456789
123635.000000 234746.400000 30
123456789
123637.000000 5
123637.000000 234748.000000 30
123456789
123637.000000 234748.100000 30
123456789
123637.000000 234748.200000 30
123456789
123637.000000 234748.300000 30
123456789
123637.000000 234748.400000 30
123456789
123639.000000 5
123639.000000 234750.000000 30
123456789
123639.000000 234750.100000 30
123456789
123639.000000 234750.200000 30
123456789
123639.000000 234750.300000 30
123456789
123639.000000 234750.400000 30
123456789
123641.000000 5
123641.000000 234752.000000 30
123456789
123641.000000 234752.100000 30
123456789
123641.000000 234752.200000 30
123456789
123641.000000 234752.300000 30
123456789
123641.000000 234752.400000 30
123456789
123643.000000 5
123643.000000 234754.000000 30
123456789
123643.000000 234754.100000 30
123456789
123643.000000 234754.200000 30
123456789
123643.000000 234754.300000 30
123456789
123643.000000 234754.400000 30
123456789
123645.000000 5
123645.000000 234756.000000 30
123456789
123645.000000 234756.100000 30
123456789
123645.000000 234756.200000 30
123456789
123645.000000 234756.300000 30
123456789
123645.000000 234756.400000 30
123456789
123647.000000 5
123647.000000 234758.000000 30
123456789
123647.000000 234758.100000 30
123456789
123647.000000 234758.200000 30
123456789
123647.000000 234758.300000 30
123456789
123647.000000 234758.400000 30
123456789
123649.000000 5
123649.000000 234760.000000 30
123456789
123649.000000 234760.100000 30
123456789
123649.000000 234760.200000 30
123456789
123649.000000 234760.300000 30
123456789
123649.000000 234760.400000 30
123456789
123651.000000 5
123651.000000 234762.000000 30
123456789
123651.000000 234762.100000 30
123456789
123651.000000 234762.200000 30
123456789
123651.000000 234762.300000 30
123456789
123651.000000 234762.400000 30
123456789
123653.000000 5
123653.000000 234764.000000 30
123456789
123653.000000 234764.100000 30
123456789
123653.000000 234764.200000 30
123456789
123653.000000 234764.300000 30
123456789
123653.000000 234764.400000 30
123456789
123655.000000 5
123655.000000 234766.000000 30
123456789
123655.000000 234766.100000 30
123456789
123655.000000 234766.200000 30
123456789
123655.000000 234766.300000 30
123456789
123655.000000 234766.400000 30
123456789
