123459.000000 5
123459.000000 234570.000000 30
123456789
123459.000000 234570.100000 30
123456789
123459.000000 234570.200000 30
123456789
123459.000000 234570.300000 30
123456789
123459.000000 234570.400000 30
123456789
123461.000000 5
123461.000000 234572.000000 30
123456789
123461.000000 234572.100000 30
123456789
123461.000000 234572.200000 30
123456789
123461.000000 234572.300000 30
123456789
123461.000000 234572.400000 30
123456789
123463.000000 5
123463.000000 234574.000000 30
123456789
123463.000000 234574.100000 30
123456789
123463.000000 234574.200000 30
123456789
123463.000000 234574.300000 30
123456789
123463.000000 234574.400000 30
123456789
123479.000000 5
123479.000000 234590.000000 30
123456789
123479.000000 234590.100000 30
123456789
123479.000000 234590.200000 30
123456789
123479.000000 234590.300000 30
123456789
123479.000000 234590.400000 30
123456789
123481.000000 5
123481.000000 234592.000000 30
123456789
123481.000000 234592.100000 30
123456789
123481.000000 234592.200000 30
123456789
123481.000000 234592.300000 30
123456789
123481.000000 234592.400000 30
123456789
123483.000000 5
123483.000000 234594.000000 30
123456789
123483.000000 234594.100000 30
123456789
123483.000000 234594.200000 30
123456789
123483.000000 234594.300000 30
123456789
123483.000000 234594.400000 30
123456789
123499.000000 5
123499.000000 234610.000000 30
123456789
123499.000000 234610.100000 30
123456789
123499.000000 234610.200000 30
123456789
123499.000000 234610.300000 30
123456789
123499.000000 234610.400000 30
123456789
123501.000000 5
123501.000000 234612.000000 30
123456789
123501.000000 234612.100000 30
123456789
123501.000000 234612.200000 30
123456789
123501.000000 234612.300000 30
123456789
123501.000000 234612.400000 30
123456789
123503.000000 5
123503.000000 234614.000000 30
123456789
123503.000000 234614.100000 30
123456789
123503.000000 234614.200000 30
123456789
123503.000000 234614.300000 30
123456789
123503.000000 234614.400000 30
123456789
123519.000000 5
123519.000000 234630.000000 30
123456789
123519.000000 234630.100000 30
123456789
123519.000000 234630.200000 30
123456789
123519.000000 234630.300000 30
123456789
123519.000000 234630.400000 30
123456789
123521.000000 5
123521.000000 234632.000000 30
123456789
123521.000000 234632.100000 30
123456789
123521.000000 234632.200000 30
123456789
123521.000000 234632.300000 30
123456789
123521.000000 234632.400000 30
123456789
123523.000000 5
123523.000000 234634.000000 30
123456789
123523.000000 234634.100000 30
123456789
123523.000000 234634.200000 30
123456789
123523.000000 234634.300000 30
123456789
123523.000000 234634.400000 30
123456789
123539.000000 5
123539.000000 234650.000000 30
123456789
123539.000000 234650.100000 30
123456789
123539.000000 234650.200000 30
123456789
123539.000000 234650.300000 30
123456789
123539.000000 234650.400000 30
123456789
123541.000000 5
123541.000000 234652.000000 30
123456789
123541.000000 234652.100000 30
123456789
123541.000000 234652.200000 30
123456789
123541.000000 234652.300000 30
123456789
123541.000000 234652.400000 30
123456789
123543.000000 5
123543.000000 234654.000000 30
123456789
123543.000000 234654.100000 30
123456789
123543.000000 234654.200000 30
123456789
123543.000000 234654.300000 30
123456789
123543.000000 234654.400000 30
123456789
123559.000000 5
123559.000000 234670.000000 30
123456789
123559.000000 234670.100000 30
123456789
123559.000000 234670.200000 30
123456789
123559.000000 234670.300000 30
123456789
123559.000000 234670.400000 30
123456789
123561.000000 5
123561.000000 234672.000000 30
123456789
123561.000000 234672.100000 30
123456789
123561.000000 234672.200000 30
123456789
123561.000000 234672.300000 30
123456789
123561.000000 234672.400000 30
123456789
123563.000000 5
123563.000000 234674.000000 30
123456789
123563.000000 234674.100000 30
123456789
123563.000000 234674.200000 30
123456789
123563.000000 234674.300000 30
123456789
123563.000000 234674.400000 30
123456789
123579.000000 5
123579.000000 234690.000000 30
123456789
123579.000000 234690.100000 30
123456789
123579.000000 234690.200000 30
123456789
123579.000000 234690.300000 30
123456789
123579.000000 234690.400000 30
123456789
123581.000000 5
123581.000000 234692.000000 30
123456789
123581.000000 234692.100000 30
123456789
123581.000000 234692.200000 30
123456789
123581.000000 234692.300000 30
123456789
123581.000000 234692.400000 30
123456789
123583.000000 5
123583.000000 234694.000000 30
123456789
123583.000000 234694.100000 30
123456789
123583.000000 234694.200000 30
123456789
123583.000000 234694.300000 30
123456789
123583.000000 234694.400000 30
123456789
123599.000000 5
123599.000000 234710.000000 30
123456789
123599.000000 234710.100000 30
123456789
123599.000000 234710.200000 30
123456789
123599.000000 234710.300000 30
123456789
123599.000000 234710.400000 30
123456789
123601.000000 5
123601.000000 234712.000000 30
123456789
123601.000000 234712.100000 30
123456789
123601.000000 234712.200000 30
123456789
123601.000000 234712.300000 30
123456789
123601.000000 234712.400000 30
123456789
123603.000000 5
123603.000000 234714.000000 30
123456789
123603.000000 234714.100000 30
123456789
123603.000000 234714.200000 30
123456789
123603.000000 234714.300000 30
123456789
123603.000000 234714.400000 30
123456789
123619.000000 5
123619.000000 234730.000000 30
123456789
123619.000000 234730.100000 30
123456789
123619.000000 234730.200000 30
123456789
123619.000000 234730.300000 30
123456789
123619.000000 234730.400000 30
123456789
123621.000000 5
123621.000000 234732.000000 30
123456789
123621.000000 234732.100000 30
123456789
123621.000000 234732.200000 30
123456789
123621.000000 234732.300000 30
123456789
123621.000000 234732.400000 30
123456789
123623.000000 5
123623.000000 234734.000000 30
123456789
123623.000000 234734.100000 30
123456789
123623.000000 234734.200000 30
123456789
123623.000000 234734.300000 30
123456789
123623.000000 234734.400000 30
123456789
123639.000000 5
123639.000000 234750.000000 30
123456789
123639.000000 234750.100000 30
123456789
123639.000000 234750.200000 30
123456789
123639.000000 234750.300000 30
123456789
123639.000000 234750.400000 30
123456789
123641.000000 5
123641.000000 234752.000000 30
123456789
123641.000000 234752.100000 30
123456789
123641.000000 234752.200000 30
123456789
123641.000000 234752.300000 30
123456789
123641.000000 234752.400000 30
123456789
123643.000000 5
123643.000000 234754.000000 30
123456789
123643.000000 234754.100000 30
123456789
123643.000000 234754.200000 30
123456789
123643.000000 234754.300000 30
123456789
123643.000000 234754.400000 30
123456789
123659.000000 5
123659.000000 234770.000000 30
123456789
123659.000000 234770.100000 30
123456789
123659.000000 234770.200000 30
123456789
123659.000000 234770.300000 30
123456789
123659.000000 234770.400000 30
123456789
123661.000000 5
123661.000000 234772.000000 30
123456789
123661.000000 234772.100000 30
123456789
123661.000000 234772.200000 30
123456789
123661.000000 234772.300000 30
123456789
123661.000000 234772.400000 30
123456789
123663.000000 5
123663.000000 234774.000000 30
123456789
123663.000000 234774.100000 30
123456789
123663.000000 234774.200000 30
123456789
123663.000000 234774.300000 30
123456789
123663.000000 234774.400000 30
123456789
123679.000000 5
123679.000000 234790.000000 30
123456789
123679.000000 234790.100000 30
123456789
123679.000000 234790.200000 30
123456789
123679.000000 234790.300000 30
123456789
123679.000000 234790.400000 30
123456789
123681.000000 5
123681.000000 234792.000000 30
123456789
123681.000000 234792.100000 30
123456789
123681.000000 234792.200000 30
123456789
123681.000000 234792.300000 30
123456789
123681.000000 234792.400000 30
123456789
123683.000000 5
123683.000000 234794.000000 30
123456789
123683.000000 234794.100000 30
123456789
123683.000000 234794.200000 30
123456789
123683.000000 234794.300000 30
123456789
123683.000000 234794.400000 30
123456789
123699.000000 5
123699.000000 234810.000000 30
123456789
123699.000000 234810.100000 30
123456789
123699.000000 234810.200000 30
123456789
123699.000000 234810.300000 30
123456789
123699.000000 234810.400000 30
123456789
123701.000000 5
123701.000000 234812.000000 30
123456789
123701.000000 234812.100000 30
123456789
123701.000000 234812.200000 30
123456789
123701.000000 234812.300000 30
123456789
123701.000000 234812.400000 30
123456789
123703.000000 5
123703.000000 234814.000000 30
123456789
123703.000000 234814.100000 30
123456789
123703.000000 234814.200000 30
123456789
123703.000000 234814.300000 30
123456789
123703.000000 234814.400000 30
123456789
123719.000000 5
123719.000000 234830.000000 30
123456789
123719.000000 234830.100000 30
123456789
123719.000000 234830.200000 30
123456789
123719.000000 234830.300000 30
123456789
123719.000000 234830.400000 30
123456789
123721.000000 5
123721.000000 234832.000000 30
123456789
123721.000000 234832.100000 30
123456789
123721.000000 234832.200000 30
123456789
123721.000000 234832.300000 30
123456789
123721.000000 234832.400000 30
123456789
123723.000000 5
123723.000000 234834.000000 30
123456789
123723.000000 234834.100000 30
123456789
123723.000000 234834.200000 30
123456789
123723.000000 234834.300000 30
123456789
123723.000000 234834.400000 30
123456789
123739.000000 5
123739.000000 234850.000000 30
123456789
123739.000000 234850.100000 30
123456789
123739.000000 234850.200000 30
123456789
123739.000000 234850.300000 30
123456789
123739.000000 234850.400000 30
123456789
123741.000000 5
123741.000000 234852.000000 30
123456789
123741.000000 234852.100000 30
123456789
123741.000000 234852.200000 30
123456789
123741.000000 234852.300000 30
123456789
123741.000000 234852.400000 30
123456789
123743.000000 5
123743.000000 234854.000000 30
123456789
123743.000000 234854.100000 30
123456789
123743.000000 234854.200000 30
123456789
123743.000000 234854.300000 30
123456789
123743.000000 234854.400000 30
123456789
123759.000000 5
123759.000000 234870.000000 30
123456789
123759.000000 234870.100000 30
123456789
123759.000000 234870.200000 30
123456789
123759.000000 234870.300000 30
123456789
123759.000000 234870.400000 30
123456789
123761.000000 5
123761.000000 234872.000000 30
123456789
123761.000000 234872.100000 30
123456789
123761.000000 234872.200000 30
123456789
123761.000000 234872.300000 30
123456789
123761.000000 234872.400000 30
123456789
123763.000000 5
123763.000000 234874.000000 30
123456789
123763.000000 234874.100000 30
123456789
123763.000000 234874.200000 30
123456789
123763.000000 234874.300000 30
123456789
123763.000000 234874.400000 30
123456789
123779.000000 5
123779.000000 234890.000000 30
123456789
123779.000000 234890.100000 30
123456789
123779.000000 234890.200000 30
123456789
123779.000000 234890.300000 30
123456789
123779.000000 234890.400000 30
123456789
123781.000000 5
123781.000000 234892.000000 30
123456789
123781.000000 234892.100000 30
123456789
123781.000000 234892.200000 30
123456789
123781.000000 234892.300000 30
123456789
123781.000000 234892.400000 30
123456789
123783.000000 5
123783.000000 234894.000000 30
123456789
123783.000000 234894.100000 30
123456789
123783.000000 234894.200000 30
123456789
123783.000000 234894.300000 30
123456789
123783.000000 234894.400000 30
123456789
123799.000000 5
123799.000000 234910.000000 30
123456789
123799.000000 234910.100000 30
123456789
123799.000000 234910.200000 30
123456789
123799.000000 234910.300000 30
123456789
123799.000000 234910.400000 30
123456789
123801.000000 5
123801.000000 234912.000000 30
123456789
123801.000000 234912.100000 30
123456789
123801.000000 234912.200000 30
123456789
123801.000000 234912.300000 30
123456789
123801.000000 234912.400000 30
123456789
123803.000000 5
123803.000000 234914.000000 30
123456789
123803.000000 234914.100000 30
123456789
123803.000000 234914.200000 30
123456789
123803.000000 234914.300000 30
123456789
123803.000000 234914.400000 30
123456789
123819.000000 5
123819.000000 234930.000000 30
123456789
123819.000000 234930.100000 30
123456789
123819.000000 234930.200000 30
123456789
123819.000000 234930.300000 30
123456789
123819.000000 234930.400000 30
123456789
123821.000000 5
123821.000000 234932.000000 30
123456789
123821.000000 234932.100000 30
123456789
123821.000000 234932.200000 30
123456789
123821.000000 234932.300000 30
123456789
123821.000000 234932.400000 30
123456789
123823.000000 5
123823.000000 234934.000000 30
123456789
123823.000000 234934.100000 30
123456789
123823.000000 234934.200000 30
123456789
123823.000000 234934.300000 30
123456789
123823.000000 234934.400000 30
123456789
123839.000000 5
123839.000000 234950.000000 30
123456789
123839.000000 234950.100000 30
123456789
123839.000000 234950.200000 30
123456789
123839.000000 234950.300000 30
123456789
123839.000000 234950.400000 30
123456789
123841.000000 5
123841.000000 234952.000000 30
123456789
123841.000000 234952.100000 30
123456789
123841.000000 234952.200000 30
123456789
123841.000000 234952.300000 30
123456789
123841.000000 234952.400000 30
123456789
123843.000000 5
123843.000000 234954.000000 30
123456789
123843.000000 234954.100000 30
123456789
123843.000000 234954.200000 30
123456789
123843.000000 234954.300000 30
123456789
123843.000000 234954.400000 30
123456789
123859.000000 5
123859.000000 234970.000000 30
123456789
123859.000000 234970.100000 30
123456789
123859.000000 234970.200000 30
123456789
123859.000000 234970.300000 30
123456789
123859.000000 234970.400000 30
123456789
123861.000000 5
123861.000000 234972.000000 30
123456789
123861.000000 234972.100000 30
123456789
123861.000000 234972.200000 30
123456789
123861.000000 234972.300000 30
123456789
123861.000000 234972.400000 30
123456789
123863.000000 5
123863.000000 234974.000000 30
123456789
123863.000000 234974.100000 30
123456789
123863.000000 234974.200000 30
123456789
123863.000000 234974.300000 30
123456789
123863.000000 234974.400000 30
123456789
123879.000000 5
123879.000000 234990.000000 30
123456789
123879.000000 234990.100000 30
123456789
123879.000000 234990.200000 30
123456789
123879.000000 234990.300000 30
123456789
123879.000000 234990.400000 30
123456789
123881.000000 5
123881.000000 234992.000000 30
123456789
123881.000000 234992.100000 30
123456789
123881.000000 234992.200000 30
123456789
123881.000000 234992.300000 30
123456789
123881.000000 234992.400000 30
123456789
123883.000000 5
123883.000000 234994.000000 30
123456789
123883.000000 234994.100000 30
123456789
123883.000000 234994.200000 30
123456789
123883.000000 234994.300000 30
123456789
123883.000000 234994.400000 30
123456789
123899.000000 5
123899.000000 235010.000000 30
123456789
123899.000000 235010.100000 30
123456789
123899.000000 235010.200000 30
123456789
123899.000000 235010.300000 30
123456789
123899.000000 235010.400000 30
123456789
123901.000000 5
123901.000000 235012.000000 30
123456789
123901.000000 235012.100000 30
123456789
123901.000000 235012.200000 30
123456789
123901.000000 235012.300000 30
123456789
123901.000000 235012.400000 30
123456789
123903.000000 5
123903.000000 235014.000000 30
123456789
123903.000000 235014.100000 30
123456789
123903.000000 235014.200000 30
123456789
123903.000000 235014.300000 30
123456789
123903.000000 235014.400000 30
123456789
123919.000000 5
123919.000000 235030.000000 30
123456789
123919.000000 235030.100000 30
123456789
123919.000000 235030.200000 30
123456789
123919.000000 235030.300000 30
123456789
123919.000000 235030.400000 30
123456789
123921.000000 5
123921.000000 235032.000000 30
123456789
123921.000000 235032.100000 30
123456789
123921.000000 235032.200000 30
123456789
123921.000000 235032.300000 30
123456789
123921.000000 235032.400000 30
123456789
123923.000000 5
123923.000000 235034.000000 30
123456789
123923.000000 235034.100000 30
123456789
123923.000000 235034.200000 30
123456789
123923.000000 235034.300000 30
123456789
123923.000000 235034.400000 30
123456789
123939.000000 5
123939.000000 235050.000000 30
123456789
123939.000000 235050.100000 30
123456789
123939.000000 235050.200000 30
123456789
123939.000000 235050.300000 30
123456789
123939.000000 235050.400000 30
123456789
123941.000000 5
123941.000000 235052.000000 30
123456789
123941.000000 235052.100000 30
123456789
123941.000000 235052.200000 30
123456789
123941.000000 235052.300000 30
123456789
123941.000000 235052.400000 30
123456789
123943.000000 5
123943.000000 235054.000000 30
123456789
123943.000000 235054.100000 30
123456789
123943.000000 235054.200000 30
123456789
123943.000000 235054.300000 30
123456789
123943.000000 235054.400000 30
123456789
123959.000000 5
123959.000000 235070.000000 30
123456789
123959.000000 235070.100000 30
123456789
123959.000000 235070.200000 30
123456789
123959.000000 235070.300000 30
123456789
123959.000000 235070.400000 30
123456789
123961.000000 5
123961.000000 235072.000000 30
123456789
123961.000000 235072.100000 30
123456789
123961.000000 235072.200000 30
123456789
123961.000000 235072.300000 30
123456789
123961.000000 235072.400000 30
123456789
123963.000000 5
123963.000000 235074.000000 30
123456789
123963.000000 235074.100000 30
123456789
123963.000000 235074.200000 30
123456789
123963.000000 235074.300000 30
123456789
123963.000000 235074.400000 30
123456789
123979.000000 5
123979.000000 235090.000000 30
123456789
123979.000000 235090.100000 30
123456789
123979.000000 235090.200000 30
123456789
123979.000000 235090.300000 30
123456789
123979.000000 235090.400000 30
123456789
123981.000000 5
123981.000000 235092.000000 30
123456789
123981.000000 235092.100000 30
123456789
123981.000000 235092.200000 30
123456789
123981.000000 235092.300000 30
123456789
123981.000000 235092.400000 30
123456789
123983.000000 5
123983.000000 235094.000000 30
123456789
123983.000000 235094.100000 30
123456789
123983.000000 235094.200000 30
123456789
123983.000000 235094.300000 30
123456789
123983.000000 235094.400000 30
123456789
123999.000000 5
123999.000000 235110.000000 30
123456789
123999.000000 235110.100000 30
123456789
123999.000000 235110.200000 30
123456789
123999.000000 235110.300000 30
123456789
123999.000000 235110.400000 30
123456789
124001.000000 5
124001.000000 235112.000000 30
123456789
124001.000000 235112.100000 30
123456789
124001.000000 235112.200000 30
123456789
124001.000000 235112.300000 30
123456789
124001.000000 235112.400000 30
123456789
124003.000000 5
124003.000000 235114.000000 30
123456789
124003.000000 235114.100000 30
123456789
124003.000000 235114.200000 30
123456789
124003.000000 235114.300000 30
123456789
124003.000000 235114.400000 30
123456789
124019.000000 5
124019.000000 235130.000000 30
123456789
124019.000000 235130.100000 30
123456789
124019.000000 235130.200000 30
123456789
124019.000000 235130.300000 30
123456789
124019.000000 235130.400000 30
123456789
124021.000000 5
124021.000000 235132.000000 30
123456789
124021.000000 235132.100000 30
123456789
124021.000000 235132.200000 30
123456789
124021.000000 235132.300000 30
123456789
124021.000000 235132.400000 30
123456789
124023.000000 5
124023.000000 235134.000000 30
123456789
124023.000000 235134.100000 30
123456789
124023.000000 235134.200000 30
123456789
124023.000000 235134.300000 30
123456789
124023.000000 235134.400000 30
123456789
124039.000000 5
124039.000000 235150.000000 30
123456789
124039.000000 235150.100000 30
123456789
124039.000000 235150.200000 30
123456789
124039.000000 235150.300000 30
123456789
124039.000000 235150.400000 30
123456789
124041.000000 5
124041.000000 235152.000000 30
123456789
124041.000000 235152.100000 30
123456789
124041.000000 235152.200000 30
123456789
124041.000000 235152.300000 30
123456789
124041.000000 235152.400000 30
123456789
124043.000000 5
124043.000000 235154.000000 30
123456789
124043.000000 235154.100000 30
123456789
124043.000000 235154.200000 30
123456789
124043.000000 235154.300000 30
123456789
124043.000000 235154.400000 30
123456789
124059.000000 5
124059.000000 235170.000000 30
123456789
124059.000000 235170.100000 30
123456789
124059.000000 235170.200000 30
123456789
124059.000000 235170.300000 30
123456789
124059.000000 235170.400000 30
123456789
124061.000000 5
124061.000000 235172.000000 30
123456789
124061.000000 235172.100000 30
123456789
124061.000000 235172.200000 30
123456789
124061.000000 235172.300000 30
123456789
124061.000000 235172.400000 30
123456789
124063.000000 5
124063.000000 235174.000000 30
123456789
124063.000000 235174.100000 30
123456789
124063.000000 235174.200000 30
123456789
124063.000000 235174.300000 30
123456789
124063.000000 235174.400000 30
123456789
124079.000000 5
124079.000000 235190.000000 30
123456789
124079.000000 235190.100000 30
123456789
124079.000000 235190.200000 30
123456789
124079.000000 235190.300000 30
123456789
124079.000000 235190.400000 30
123456789
124081.000000 5
124081.000000 235192.000000 30
123456789
124081.000000 235192.100000 30
123456789
124081.000000 235192.200000 30
123456789
124081.000000 235192.300000 30
123456789
124081.000000 235192.400000 30
123456789
124083.000000 5
124083.000000 235194.000000 30
123456789
124083.000000 235194.100000 30
123456789
124083.000000 235194.200000 30
123456789
124083.000000 235194.300000 30
123456789
124083.000000 235194.400000 30
123456789
124099.000000 5
124099.000000 235210.000000 30
123456789
124099.000000 235210.100000 30
123456789
124099.000000 235210.200000 30
123456789
124099.000000 235210.300000 30
123456789
124099.000000 235210.400000 30
123456789
124101.000000 5
124101.000000 235212.000000 30
123456789
124101.000000 235212.100000 30
123456789
124101.000000 235212.200000 30
123456789
124101.000000 235212.300000 30
123456789
124101.000000 235212.400000 30
123456789
124103.000000 5
124103.000000 235214.000000 30
123456789
124103.000000 235214.100000 30
123456789
124103.000000 235214.200000 30
123456789
124103.000000 235214.300000 30
123456789
124103.000000 235214.400000 30
123456789
124119.000000 5
124119.000000 235230.000000 30
123456789
124119.000000 235230.100000 30
123456789
124119.000000 235230.200000 30
123456789
124119.000000 235230.300000 30
123456789
124119.000000 235230.400000 30
123456789
124121.000000 5
124121.000000 235232.000000 30
123456789
124121.000000 235232.100000 30
123456789
124121.000000 235232.200000 30
123456789
124121.000000 235232.300000 30
123456789
124121.000000 235232.400000 30
123456789
124123.000000 5
124123.000000 235234.000000 30
123456789
124123.000000 235234.100000 30
123456789
124123.000000 235234.200000 30
123456789
124123.000000 235234.300000 30
123456789
124123.000000 235234.400000 30
123456789
124139.000000 5
124139.000000 235250.000000 30
123456789
124139.000000 235250.100000 30
123456789
124139.000000 235250.200000 30
123456789
124139.000000 235250.300000 30
123456789
124139.000000 235250.400000 30
123456789
124141.000000 5
124141.000000 235252.000000 30
123456789
124141.000000 235252.100000 30
123456789
124141.000000 235252.200000 30
123456789
124141.000000 235252.300000 30
123456789
124141.000000 235252.400000 30
123456789
124143.000000 5
124143.000000 235254.000000 30
123456789
124143.000000 235254.100000 30
123456789
124143.000000 235254.200000 30
123456789
124143.000000 235254.300000 30
123456789
124143.000000 235254.400000 30
123456789
124159.000000 5
124159.000000 235270.000000 30
123456789
124159.000000 235270.100000 30
123456789
124159.000000 235270.200000 30
123456789
124159.000000 235270.300000 30
123456789
124159.000000 235270.400000 30
123456789
124161.000000 5
124161.000000 235272.000000 30
123456789
124161.000000 235272.100000 30
123456789
124161.000000 235272.200000 30
123456789
124161.000000 235272.300000 30
123456789
124161.000000 235272.400000 30
123456789
124163.000000 5
124163.000000 235274.000000 30
123456789
124163.000000 235274.100000 30
123456789
124163.000000 235274.200000 30
123456789
124163.000000 235274.300000 30
123456789
124163.000000 235274.400000 30
123456789
124179.000000 5
124179.000000 235290.000000 30
123456789
124179.000000 235290.100000 30
123456789
124179.000000 235290.200000 30
123456789
124179.000000 235290.300000 30
123456789
124179.000000 235290.400000 30
123456789
124181.000000 5
124181.000000 235292.000000 30
123456789
124181.000000 235292.100000 30
123456789
124181.000000 235292.200000 30
123456789
124181.000000 235292.300000 30
123456789
124181.000000 235292.400000 30
123456789
124183.000000 5
124183.000000 235294.000000 30
123456789
124183.000000 235294.100000 30
123456789
124183.000000 235294.200000 30
123456789
124183.000000 235294.300000 30
123456789
124183.000000 235294.400000 30
123456789
124199.000000 5
124199.000000 235310.000000 30
123456789
124199.000000 235310.100000 30
123456789
124199.000000 235310.200000 30
123456789
124199.000000 235310.300000 30
123456789
124199.000000 235310.400000 30
123456789
124201.000000 5
124201.000000 235312.000000 30
123456789
124201.000000 235312.100000 30
123456789
124201.000000 235312.200000 30
123456789
124201.000000 235312.300000 30
123456789
124201.000000 235312.400000 30
123456789
124203.000000 5
124203.000000 235314.000000 30
123456789
124203.000000 235314.100000 30
123456789
124203.000000 235314.200000 30
123456789
124203.000000 235314.300000 30
123456789
124203.000000 235314.400000 30
123456789
124219.000000 5
124219.000000 235330.000000 30
123456789
124219.000000 235330.100000 30
123456789
124219.000000 235330.200000 30
123456789
124219.000000 235330.300000 30
123456789
124219.000000 235330.400000 30
123456789
124221.000000 5
124221.000000 235332.000000 30
123456789
124221.000000 235332.100000 30
123456789
124221.000000 235332.200000 30
123456789
124221.000000 235332.300000 30
123456789
124221.000000 235332.400000 30
123456789
124223.000000 5
124223.000000 235334.000000 30
123456789
124223.000000 235334.100000 30
123456789
124223.000000 235334.200000 30
123456789
124223.000000 235334.300000 30
123456789
124223.000000 235334.400000 30
123456789
124239.000000 5
124239.000000 235350.000000 30
123456789
124239.000000 235350.100000 30
123456789
124239.000000 235350.200000 30
123456789
124239.000000 235350.300000 30
123456789
124239.000000 235350.400000 30
123456789
124241.000000 5
124241.000000 235352.000000 30
123456789
124241.000000 235352.100000 30
123456789
124241.000000 235352.200000 30
123456789
124241.000000 235352.300000 30
123456789
124241.000000 235352.400000 30
123456789
124243.000000 5
124243.000000 235354.000000 30
123456789
124243.000000 235354.100000 30
123456789
124243.000000 235354.200000 30
123456789
124243.000000 235354.300000 30
123456789
124243.000000 235354.400000 30
123456789
