123469.000000 5
123469.000000 234580.000000 30
123456789
123469.000000 234580.100000 30
123456789
123469.000000 234580.200000 30
123456789
123469.000000 234580.300000 30
123456789
123469.000000 234580.400000 30
123456789
123471.000000 5
123471.000000 234582.000000 30
123456789
123471.000000 234582.100000 30
123456789
123471.000000 234582.200000 30
123456789
123471.000000 234582.300000 30
123456789
123471.000000 234582.400000 30
123456789
123473.000000 5
123473.000000 234584.000000 30
123456789
123473.000000 234584.100000 30
123456789
123473.000000 234584.200000 30
123456789
123473.000000 234584.300000 30
123456789
123473.000000 234584.400000 30
123456789
123489.000000 5
123489.000000 234600.000000 30
123456789
123489.000000 234600.100000 30
123456789
123489.000000 234600.200000 30
123456789
123489.000000 234600.300000 30
123456789
123489.000000 234600.400000 30
123456789
123491.000000 5
123491.000000 234602.000000 30
123456789
123491.000000 234602.100000 30
123456789
123491.000000 234602.200000 30
123456789
123491.000000 234602.300000 30
123456789
123491.000000 234602.400000 30
123456789
123493.000000 5
123493.000000 234604.000000 30
123456789
123493.000000 234604.100000 30
123456789
123493.000000 234604.200000 30
123456789
123493.000000 234604.300000 30
123456789
123493.000000 234604.400000 30
123456789
123509.000000 5
123509.000000 234620.000000 30
123456789
123509.000000 234620.100000 30
123456789
123509.000000 234620.200000 30
123456789
123509.000000 234620.300000 30
123456789
123509.000000 234620.400000 30
123456789
123511.000000 5
123511.000000 234622.000000 30
123456789
123511.000000 234622.100000 30
123456789
123511.000000 234622.200000 30
123456789
123511.000000 234622.300000 30
123456789
123511.000000 234622.400000 30
123456789
123513.000000 5
123513.000000 234624.000000 30
123456789
123513.000000 234624.100000 30
123456789
123513.000000 234624.200000 30
123456789
123513.000000 234624.300000 30
123456789
123513.000000 234624.400000 30
123456789
123529.000000 5
123529.000000 234640.000000 30
123456789
123529.000000 234640.100000 30
123456789
123529.000000 234640.200000 30
123456789
123529.000000 234640.300000 30
123456789
123529.000000 234640.400000 30
123456789
123531.000000 5
123531.000000 234642.000000 30
123456789
123531.000000 234642.100000 30
123456789
123531.000000 234642.200000 30
123456789
123531.000000 234642.300000 30
123456789
123531.000000 234642.400000 30
123456789
123533.000000 5
123533.000000 234644.000000 30
123456789
123533.000000 234644.100000 30
123456789
123533.000000 234644.200000 30
123456789
123533.000000 234644.300000 30
123456789
123533.000000 234644.400000 30
123456789
123549.000000 5
123549.000000 234660.000000 30
123456789
123549.000000 234660.100000 30
123456789
123549.000000 234660.200000 30
123456789
123549.000000 234660.300000 30
123456789
123549.000000 234660.400000 30
123456789
123551.000000 5
123551.000000 234662.000000 30
123456789
123551.000000 234662.100000 30
123456789
123551.000000 234662.200000 30
123456789
123551.000000 234662.300000 30
123456789
123551.000000 234662.400000 30
123456789
123553.000000 5
123553.000000 234664.000000 30
123456789
123553.000000 234664.100000 30
123456789
123553.000000 234664.200000 30
123456789
123553.000000 234664.300000 30
123456789
123553.000000 234664.400000 30
123456789
123569.000000 5
123569.000000 234680.000000 30
123456789
123569.000000 234680.100000 30
123456789
123569.000000 234680.200000 30
123456789
123569.000000 234680.300000 30
123456789
123569.000000 234680.400000 30
123456789
123571.000000 5
123571.000000 234682.000000 30
123456789
123571.000000 234682.100000 30
123456789
123571.000000 234682.200000 30
123456789
123571.000000 234682.300000 30
123456789
123571.000000 234682.400000 30
123456789
123573.000000 5
123573.000000 234684.000000 30
123456789
123573.000000 234684.100000 30
123456789
123573.000000 234684.200000 30
123456789
123573.000000 234684.300000 30
123456789
123573.000000 234684.400000 30
123456789
123589.000000 5
123589.000000 234700.000000 30
123456789
123589.000000 234700.100000 30
123456789
123589.000000 234700.200000 30
123456789
123589.000000 234700.300000 30
123456789
123589.000000 234700.400000 30
123456789
123591.000000 5
123591.000000 234702.000000 30
123456789
123591.000000 234702.100000 30
123456789
123591.000000 234702.200000 30
123456789
123591.000000 234702.300000 30
123456789
123591.000000 234702.400000 30
123456789
123593.000000 5
123593.000000 234704.000000 30
123456789
123593.000000 234704.100000 30
123456789
123593.000000 234704.200000 30
123456789
123593.000000 234704.300000 30
123456789
123593.000000 234704.400000 30
123456789
123609.000000 5
123609.000000 234720.000000 30
123456789
123609.000000 234720.100000 30
123456789
123609.000000 234720.200000 30
123456789
123609.000000 234720.300000 30
123456789
123609.000000 234720.400000 30
123456789
123611.000000 5
123611.000000 234722.000000 30
123456789
123611.000000 234722.100000 30
123456789
123611.000000 234722.200000 30
123456789
123611.000000 234722.300000 30
123456789
123611.000000 234722.400000 30
123456789
123613.000000 5
123613.000000 234724.000000 30
123456789
123613.000000 234724.100000 30
123456789
123613.000000 234724.200000 30
123456789
123613.000000 234724.300000 30
123456789
123613.000000 234724.400000 30
123456789
123629.000000 5
123629.000000 234740.000000 30
123456789
123629.000000 234740.100000 30
123456789
123629.000000 234740.200000 30
123456789
123629.000000 234740.300000 30
123456789
123629.000000 234740.400000 30
123456789
123631.000000 5
123631.000000 234742.000000 30
123456789
123631.000000 234742.100000 30
123456789
123631.000000 234742.200000 30
123456789
123631.000000 234742.300000 30
123456789
123631.000000 234742.400000 30
123456789
123633.000000 5
123633.000000 234744.000000 30
123456789
123633.000000 234744.100000 30
123456789
123633.000000 234744.200000 30
123456789
123633.000000 234744.300000 30
123456789
123633.000000 234744.400000 30
123456789
123649.000000 5
123649.000000 234760.000000 30
123456789
123649.000000 234760.100000 30
123456789
123649.000000 234760.200000 30
123456789
123649.000000 234760.300000 30
123456789
123649.000000 234760.400000 30
123456789
123651.000000 5
123651.000000 234762.000000 30
123456789
123651.000000 234762.100000 30
123456789
123651.000000 234762.200000 30
123456789
123651.000000 234762.300000 30
123456789
123651.000000 234762.400000 30
123456789
123653.000000 5
123653.000000 234764.000000 30
123456789
123653.000000 234764.100000 30
123456789
123653.000000 234764.200000 30
123456789
123653.000000 234764.300000 30
123456789
123653.000000 234764.400000 30
123456789
123669.000000 5
123669.000000 234780.000000 30
123456789
123669.000000 234780.100000 30
123456789
123669.000000 234780.200000 30
123456789
123669.000000 234780.300000 30
123456789
123669.000000 234780.400000 30
123456789
123671.000000 5
123671.000000 234782.000000 30
123456789
123671.000000 234782.100000 30
123456789
123671.000000 234782.200000 30
123456789
123671.000000 234782.300000 30
123456789
123671.000000 234782.400000 30
123456789
123673.000000 5
123673.000000 234784.000000 30
123456789
123673.000000 234784.100000 30
123456789
123673.000000 234784.200000 30
123456789
123673.000000 234784.300000 30
123456789
123673.000000 234784.400000 30
123456789
123689.000000 5
123689.000000 234800.000000 30
123456789
123689.000000 234800.100000 30
123456789
123689.000000 234800.200000 30
123456789
123689.000000 234800.300000 30
123456789
123689.000000 234800.400000 30
123456789
123691.000000 5
123691.000000 234802.000000 30
123456789
123691.000000 234802.100000 30
123456789
123691.000000 234802.200000 30
123456789
123691.000000 234802.300000 30
123456789
123691.000000 234802.400000 30
123456789
123693.000000 5
123693.000000 234804.000000 30
123456789
123693.000000 234804.100000 30
123456789
123693.000000 234804.200000 30
123456789
123693.000000 234804.300000 30
123456789
123693.000000 234804.400000 30
123456789
123709.000000 5
123709.000000 234820.000000 30
123456789
123709.000000 234820.100000 30
123456789
123709.000000 234820.200000 30
123456789
123709.000000 234820.300000 30
123456789
123709.000000 234820.400000 30
123456789
123711.000000 5
123711.000000 234822.000000 30
123456789
123711.000000 234822.100000 30
123456789
123711.000000 234822.200000 30
123456789
123711.000000 234822.300000 30
123456789
123711.000000 234822.400000 30
123456789
123713.000000 5
123713.000000 234824.000000 30
123456789
123713.000000 234824.100000 30
123456789
123713.000000 234824.200000 30
123456789
123713.000000 234824.300000 30
123456789
123713.000000 234824.400000 30
123456789
123729.000000 5
123729.000000 234840.000000 30
123456789
123729.000000 234840.100000 30
123456789
123729.000000 234840.200000 30
123456789
123729.000000 234840.300000 30
123456789
123729.000000 234840.400000 30
123456789
123731.000000 5
123731.000000 234842.000000 30
123456789
123731.000000 234842.100000 30
123456789
123731.000000 234842.200000 30
123456789
123731.000000 234842.300000 30
123456789
123731.000000 234842.400000 30
123456789
123733.000000 5
123733.000000 234844.000000 30
123456789
123733.000000 234844.100000 30
123456789
123733.000000 234844.200000 30
123456789
123733.000000 234844.300000 30
123456789
123733.000000 234844.400000 30
123456789
123749.000000 5
123749.000000 234860.000000 30
123456789
123749.000000 234860.100000 30
123456789
123749.000000 234860.200000 30
123456789
123749.000000 234860.300000 30
123456789
123749.000000 234860.400000 30
123456789
123751.000000 5
123751.000000 234862.000000 30
123456789
123751.000000 234862.100000 30
123456789
123751.000000 234862.200000 30
123456789
123751.000000 234862.300000 30
123456789
123751.000000 234862.400000 30
123456789
123753.000000 5
123753.000000 234864.000000 30
123456789
123753.000000 234864.100000 30
123456789
123753.000000 234864.200000 30
123456789
123753.000000 234864.300000 30
123456789
123753.000000 234864.400000 30
123456789
123769.000000 5
123769.000000 234880.000000 30
123456789
123769.000000 234880.100000 30
123456789
123769.000000 234880.200000 30
123456789
123769.000000 234880.300000 30
123456789
123769.000000 234880.400000 30
123456789
123771.000000 5
123771.000000 234882.000000 30
123456789
123771.000000 234882.100000 30
123456789
123771.000000 234882.200000 30
123456789
123771.000000 234882.300000 30
123456789
123771.000000 234882.400000 30
123456789
123773.000000 5
123773.000000 234884.000000 30
123456789
123773.000000 234884.100000 30
123456789
123773.000000 234884.200000 30
123456789
123773.000000 234884.300000 30
123456789
123773.000000 234884.400000 30
123456789
123789.000000 5
123789.000000 234900.000000 30
123456789
123789.000000 234900.100000 30
123456789
123789.000000 234900.200000 30
123456789
123789.000000 234900.300000 30
123456789
123789.000000 234900.400000 30
123456789
123791.000000 5
123791.000000 234902.000000 30
123456789
123791.000000 234902.100000 30
123456789
123791.000000 234902.200000 30
123456789
123791.000000 234902.300000 30
123456789
123791.000000 234902.400000 30
123456789
123793.000000 5
123793.000000 234904.000000 30
123456789
123793.000000 234904.100000 30
123456789
123793.000000 234904.200000 30
123456789
123793.000000 234904.300000 30
123456789
123793.000000 234904.400000 30
123456789
123809.000000 5
123809.000000 234920.000000 30
123456789
123809.000000 234920.100000 30
123456789
123809.000000 234920.200000 30
123456789
123809.000000 234920.300000 30
123456789
123809.000000 234920.400000 30
123456789
123811.000000 5
123811.000000 234922.000000 30
123456789
123811.000000 234922.100000 30
123456789
123811.000000 234922.200000 30
123456789
123811.000000 234922.300000 30
123456789
123811.000000 234922.400000 30
123456789
123813.000000 5
123813.000000 234924.000000 30
123456789
123813.000000 234924.100000 30
123456789
123813.000000 234924.200000 30
123456789
123813.000000 234924.300000 30
123456789
123813.000000 234924.400000 30
123456789
123829.000000 5
123829.000000 234940.000000 30
123456789
123829.000000 234940.100000 30
123456789
123829.000000 234940.200000 30
123456789
123829.000000 234940.300000 30
123456789
123829.000000 234940.400000 30
123456789
123831.000000 5
123831.000000 234942.000000 30
123456789
123831.000000 234942.100000 30
123456789
123831.000000 234942.200000 30
123456789
123831.000000 234942.300000 30
123456789
123831.000000 234942.400000 30
123456789
123833.000000 5
123833.000000 234944.000000 30
123456789
123833.000000 234944.100000 30
123456789
123833.000000 234944.200000 30
123456789
123833.000000 234944.300000 30
123456789
123833.000000 234944.400000 30
123456789
123849.000000 5
123849.000000 234960.000000 30
123456789
123849.000000 234960.100000 30
123456789
123849.000000 234960.200000 30
123456789
123849.000000 234960.300000 30
123456789
123849.000000 234960.400000 30
123456789
123851.000000 5
123851.000000 234962.000000 30
123456789
123851.000000 234962.100000 30
123456789
123851.000000 234962.200000 30
123456789
123851.000000 234962.300000 30
123456789
123851.000000 234962.400000 30
123456789
123853.000000 5
123853.000000 234964.000000 30
123456789
123853.000000 234964.100000 30
123456789
123853.000000 234964.200000 30
123456789
123853.000000 234964.300000 30
123456789
123853.000000 234964.400000 30
123456789
123869.000000 5
123869.000000 234980.000000 30
123456789
123869.000000 234980.100000 30
123456789
123869.000000 234980.200000 30
123456789
123869.000000 234980.300000 30
123456789
123869.000000 234980.400000 30
123456789
123871.000000 5
123871.000000 234982.000000 30
123456789
123871.000000 234982.100000 30
123456789
123871.000000 234982.200000 30
123456789
123871.000000 234982.300000 30
123456789
123871.000000 234982.400000 30
123456789
123873.000000 5
123873.000000 234984.000000 30
123456789
123873.000000 234984.100000 30
123456789
123873.000000 234984.200000 30
123456789
123873.000000 234984.300000 30
123456789
123873.000000 234984.400000 30
123456789
123889.000000 5
123889.000000 235000.000000 30
123456789
123889.000000 235000.100000 30
123456789
123889.000000 235000.200000 30
123456789
123889.000000 235000.300000 30
123456789
123889.000000 235000.400000 30
123456789
123891.000000 5
123891.000000 235002.000000 30
123456789
123891.000000 235002.100000 30
123456789
123891.000000 235002.200000 30
123456789
123891.000000 235002.300000 30
123456789
123891.000000 235002.400000 30
123456789
123893.000000 5
123893.000000 235004.000000 30
123456789
123893.000000 235004.100000 30
123456789
123893.000000 235004.200000 30
123456789
123893.000000 235004.300000 30
123456789
123893.000000 235004.400000 30
123456789
123909.000000 5
123909.000000 235020.000000 30
123456789
123909.000000 235020.100000 30
123456789
123909.000000 235020.200000 30
123456789
123909.000000 235020.300000 30
123456789
123909.000000 235020.400000 30
123456789
123911.000000 5
123911.000000 235022.000000 30
123456789
123911.000000 235022.100000 30
123456789
123911.000000 235022.200000 30
123456789
123911.000000 235022.300000 30
123456789
123911.000000 235022.400000 30
123456789
123913.000000 5
123913.000000 235024.000000 30
123456789
123913.000000 235024.100000 30
123456789
123913.000000 235024.200000 30
123456789
123913.000000 235024.300000 30
123456789
123913.000000 235024.400000 30
123456789
123929.000000 5
123929.000000 235040.000000 30
123456789
123929.000000 235040.100000 30
123456789
123929.000000 235040.200000 30
123456789
123929.000000 235040.300000 30
123456789
123929.000000 235040.400000 30
123456789
123931.000000 5
123931.000000 235042.000000 30
123456789
123931.000000 235042.100000 30
123456789
123931.000000 235042.200000 30
123456789
123931.000000 235042.300000 30
123456789
123931.000000 235042.400000 30
123456789
123933.000000 5
123933.000000 235044.000000 30
123456789
123933.000000 235044.100000 30
123456789
123933.000000 235044.200000 30
123456789
123933.000000 235044.300000 30
123456789
123933.000000 235044.400000 30
123456789
123949.000000 5
123949.000000 235060.000000 30
123456789
123949.000000 235060.100000 30
123456789
123949.000000 235060.200000 30
123456789
123949.000000 235060.300000 30
123456789
123949.000000 235060.400000 30
123456789
123951.000000 5
123951.000000 235062.000000 30
123456789
123951.000000 235062.100000 30
123456789
123951.000000 235062.200000 30
123456789
123951.000000 235062.300000 30
123456789
123951.000000 235062.400000 30
123456789
123953.000000 5
123953.000000 235064.000000 30
123456789
123953.000000 235064.100000 30
123456789
123953.000000 235064.200000 30
123456789
123953.000000 235064.300000 30
123456789
123953.000000 235064.400000 30
123456789
123969.000000 5
123969.000000 235080.000000 30
123456789
123969.000000 235080.100000 30
123456789
123969.000000 235080.200000 30
123456789
123969.000000 235080.300000 30
123456789
123969.000000 235080.400000 30
123456789
123971.000000 5
123971.000000 235082.000000 30
123456789
123971.000000 235082.100000 30
123456789
123971.000000 235082.200000 30
123456789
123971.000000 235082.300000 30
123456789
123971.000000 235082.400000 30
123456789
123973.000000 5
123973.000000 235084.000000 30
123456789
123973.000000 235084.100000 30
123456789
123973.000000 235084.200000 30
123456789
123973.000000 235084.300000 30
123456789
123973.000000 235084.400000 30
123456789
123989.000000 5
123989.000000 235100.000000 30
123456789
123989.000000 235100.100000 30
123456789
123989.000000 235100.200000 30
123456789
123989.000000 235100.300000 30
123456789
123989.000000 235100.400000 30
123456789
123991.000000 5
123991.000000 235102.000000 30
123456789
123991.000000 235102.100000 30
123456789
123991.000000 235102.200000 30
123456789
123991.000000 235102.300000 30
123456789
123991.000000 235102.400000 30
123456789
123993.000000 5
123993.000000 235104.000000 30
123456789
123993.000000 235104.100000 30
123456789
123993.000000 235104.200000 30
123456789
123993.000000 235104.300000 30
123456789
123993.000000 235104.400000 30
123456789
124009.000000 5
124009.000000 235120.000000 30
123456789
124009.000000 235120.100000 30
123456789
124009.000000 235120.200000 30
123456789
124009.000000 235120.300000 30
123456789
124009.000000 235120.400000 30
123456789
124011.000000 5
124011.000000 235122.000000 30
123456789
124011.000000 235122.100000 30
123456789
124011.000000 235122.200000 30
123456789
124011.000000 235122.300000 30
123456789
124011.000000 235122.400000 30
123456789
124013.000000 5
124013.000000 235124.000000 30
123456789
124013.000000 235124.100000 30
123456789
124013.000000 235124.200000 30
123456789
124013.000000 235124.300000 30
123456789
124013.000000 235124.400000 30
123456789
124029.000000 5
124029.000000 235140.000000 30
123456789
124029.000000 235140.100000 30
123456789
124029.000000 235140.200000 30
123456789
124029.000000 235140.300000 30
123456789
124029.000000 235140.400000 30
123456789
124031.000000 5
124031.000000 235142.000000 30
123456789
124031.000000 235142.100000 30
123456789
124031.000000 235142.200000 30
123456789
124031.000000 235142.300000 30
123456789
124031.000000 235142.400000 30
123456789
124033.000000 5
124033.000000 235144.000000 30
123456789
124033.000000 235144.100000 30
123456789
124033.000000 235144.200000 30
123456789
124033.000000 235144.300000 30
123456789
124033.000000 235144.400000 30
123456789
124049.000000 5
124049.000000 235160.000000 30
123456789
124049.000000 235160.100000 30
123456789
124049.000000 235160.200000 30
123456789
124049.000000 235160.300000 30
123456789
124049.000000 235160.400000 30
123456789
124051.000000 5
124051.000000 235162.000000 30
123456789
124051.000000 235162.100000 30
123456789
124051.000000 235162.200000 30
123456789
124051.000000 235162.300000 30
123456789
124051.000000 235162.400000 30
123456789
124053.000000 5
124053.000000 235164.000000 30
123456789
124053.000000 235164.100000 30
123456789
124053.000000 235164.200000 30
123456789
124053.000000 235164.300000 30
123456789
124053.000000 235164.400000 30
123456789
124069.000000 5
124069.000000 235180.000000 30
123456789
124069.000000 235180.100000 30
123456789
124069.000000 235180.200000 30
123456789
124069.000000 235180.300000 30
123456789
124069.000000 235180.400000 30
123456789
124071.000000 5
124071.000000 235182.000000 30
123456789
124071.000000 235182.100000 30
123456789
124071.000000 235182.200000 30
123456789
124071.000000 235182.300000 30
123456789
124071.000000 235182.400000 30
123456789
124073.000000 5
124073.000000 235184.000000 30
123456789
124073.000000 235184.100000 30
123456789
124073.000000 235184.200000 30
123456789
124073.000000 235184.300000 30
123456789
124073.000000 235184.400000 30
123456789
124089.000000 5
124089.000000 235200.000000 30
123456789
124089.000000 235200.100000 30
123456789
124089.000000 235200.200000 30
123456789
124089.000000 235200.300000 30
123456789
124089.000000 235200.400000 30
123456789
124091.000000 5
124091.000000 235202.000000 30
123456789
124091.000000 235202.100000 30
123456789
124091.000000 235202.200000 30
123456789
124091.000000 235202.300000 30
123456789
124091.000000 235202.400000 30
123456789
124093.000000 5
124093.000000 235204.000000 30
123456789
124093.000000 235204.100000 30
123456789
124093.000000 235204.200000 30
123456789
124093.000000 235204.300000 30
123456789
124093.000000 235204.400000 30
123456789
124109.000000 5
124109.000000 235220.000000 30
123456789
124109.000000 235220.100000 30
123456789
124109.000000 235220.200000 30
123456789
124109.000000 235220.300000 30
123456789
124109.000000 235220.400000 30
123456789
124111.000000 5
124111.000000 235222.000000 30
123456789
124111.000000 235222.100000 30
123456789
124111.000000 235222.200000 30
123456789
124111.000000 235222.300000 30
123456789
124111.000000 235222.400000 30
123456789
124113.000000 5
124113.000000 235224.000000 30
123456789
124113.000000 235224.100000 30
123456789
124113.000000 235224.200000 30
123456789
124113.000000 235224.300000 30
123456789
124113.000000 235224.400000 30
123456789
124129.000000 5
124129.000000 235240.000000 30
123456789
124129.000000 235240.100000 30
123456789
124129.000000 235240.200000 30
123456789
124129.000000 235240.300000 30
123456789
124129.000000 235240.400000 30
123456789
124131.000000 5
124131.000000 235242.000000 30
123456789
124131.000000 235242.100000 30
123456789
124131.000000 235242.200000 30
123456789
124131.000000 235242.300000 30
123456789
124131.000000 235242.400000 30
123456789
124133.000000 5
124133.000000 235244.000000 30
123456789
124133.000000 235244.100000 30
123456789
124133.000000 235244.200000 30
123456789
124133.000000 235244.300000 30
123456789
124133.000000 235244.400000 30
123456789
124149.000000 5
124149.000000 235260.000000 30
123456789
124149.000000 235260.100000 30
123456789
124149.000000 235260.200000 30
123456789
124149.000000 235260.300000 30
123456789
124149.000000 235260.400000 30
123456789
124151.000000 5
124151.000000 235262.000000 30
123456789
124151.000000 235262.100000 30
123456789
124151.000000 235262.200000 30
123456789
124151.000000 235262.300000 30
123456789
124151.000000 235262.400000 30
123456789
124153.000000 5
124153.000000 235264.000000 30
123456789
124153.000000 235264.100000 30
123456789
124153.000000 235264.200000 30
123456789
124153.000000 235264.300000 30
123456789
124153.000000 235264.400000 30
123456789
124169.000000 5
124169.000000 235280.000000 30
123456789
124169.000000 235280.100000 30
123456789
124169.000000 235280.200000 30
123456789
124169.000000 235280.300000 30
123456789
124169.000000 235280.400000 30
123456789
124171.000000 5
124171.000000 235282.000000 30
123456789
124171.000000 235282.100000 30
123456789
124171.000000 235282.200000 30
123456789
124171.000000 235282.300000 30
123456789
124171.000000 235282.400000 30
123456789
124173.000000 5
124173.000000 235284.000000 30
123456789
124173.000000 235284.100000 30
123456789
124173.000000 235284.200000 30
123456789
124173.000000 235284.300000 30
123456789
124173.000000 235284.400000 30
123456789
124189.000000 5
124189.000000 235300.000000 30
123456789
124189.000000 235300.100000 30
123456789
124189.000000 235300.200000 30
123456789
124189.000000 235300.300000 30
123456789
124189.000000 235300.400000 30
123456789
124191.000000 5
124191.000000 235302.000000 30
123456789
124191.000000 235302.100000 30
123456789
124191.000000 235302.200000 30
123456789
124191.000000 235302.300000 30
123456789
124191.000000 235302.400000 30
123456789
124193.000000 5
124193.000000 235304.000000 30
123456789
124193.000000 235304.100000 30
123456789
124193.000000 235304.200000 30
123456789
124193.000000 235304.300000 30
123456789
124193.000000 235304.400000 30
123456789
124209.000000 5
124209.000000 235320.000000 30
123456789
124209.000000 235320.100000 30
123456789
124209.000000 235320.200000 30
123456789
124209.000000 235320.300000 30
123456789
124209.000000 235320.400000 30
123456789
124211.000000 5
124211.000000 235322.000000 30
123456789
124211.000000 235322.100000 30
123456789
124211.000000 235322.200000 30
123456789
124211.000000 235322.300000 30
123456789
124211.000000 235322.400000 30
123456789
124213.000000 5
124213.000000 235324.000000 30
123456789
124213.000000 235324.100000 30
123456789
124213.000000 235324.200000 30
123456789
124213.000000 235324.300000 30
123456789
124213.000000 235324.400000 30
123456789
124229.000000 5
124229.000000 235340.000000 30
123456789
124229.000000 235340.100000 30
123456789
124229.000000 235340.200000 30
123456789
124229.000000 235340.300000 30
123456789
124229.000000 235340.400000 30
123456789
124231.000000 5
124231.000000 235342.000000 30
123456789
124231.000000 235342.100000 30
123456789
124231.000000 235342.200000 30
123456789
124231.000000 235342.300000 30
123456789
124231.000000 235342.400000 30
123456789
124233.000000 5
124233.000000 235344.000000 30
123456789
124233.000000 235344.100000 30
123456789
124233.000000 235344.200000 30
123456789
124233.000000 235344.300000 30
123456789
124233.000000 235344.400000 30
123456789
124249.000000 5
124249.000000 235360.000000 30
123456789
124249.000000 235360.100000 30
123456789
124249.000000 235360.200000 30
123456789
124249.000000 235360.300000 30
123456789
124249.000000 235360.400000 30
123456789
124251.000000 5
124251.000000 235362.000000 30
123456789
124251.000000 235362.100000 30
123456789
124251.000000 235362.200000 30
123456789
124251.000000 235362.300000 30
123456789
124251.000000 235362.400000 30
123456789
124253.000000 5
124253.000000 235364.000000 30
123456789
124253.000000 235364.100000 30
123456789
124253.000000 235364.200000 30
123456789
124253.000000 235364.300000 30
123456789
124253.000000 235364.400000 30
123456789
