123459.000000 5
123459.000000 234570.000000 30
123456789
123459.000000 234570.100000 30
123456789
123459.000000 234570.200000 30
123456789
123459.000000 234570.300000 30
123456789
123459.000000 234570.400000 30
123456789
123461.000000 5
123461.000000 234572.000000 30
123456789
123461.000000 234572.100000 30
123456789
123461.000000 234572.200000 30
123456789
123461.000000 234572.300000 30
123456789
123461.000000 234572.400000 30
123456789
123463.000000 5
123463.000000 234574.000000 30
123456789
123463.000000 234574.100000 30
123456789
123463.000000 234574.200000 30
123456789
123463.000000 234574.300000 30
123456789
123463.000000 234574.400000 30
123456789
123465.000000 5
123465.000000 234576.000000 30
123456789
123465.000000 234576.100000 30
123456789
123465.000000 234576.200000 30
123456789
123465.000000 234576.300000 30
123456789
123465.000000 234576.400000 30
123456789
123467.000000 5
123467.000000 234578.000000 30
123456789
123467.000000 234578.100000 30
123456789
123467.000000 234578.200000 30
123456789
123467.000000 234578.300000 30
123456789
123467.000000 234578.400000 30
123456789
123469.000000 5
123469.000000 234580.000000 30
123456789
123469.000000 234580.100000 30
123456789
123469.000000 234580.200000 30
123456789
123469.000000 234580.300000 30
123456789
123469.000000 234580.400000 30
123456789
123471.000000 5
123471.000000 234582.000000 30
123456789
123471.000000 234582.100000 30
123456789
123471.000000 234582.200000 30
123456789
123471.000000 234582.300000 30
123456789
123471.000000 234582.400000 30
123456789
123473.000000 5
123473.000000 234584.000000 30
123456789
123473.000000 234584.100000 30
123456789
123473.000000 234584.200000 30
123456789
123473.000000 234584.300000 30
123456789
123473.000000 234584.400000 30
123456789
123475.000000 5
123475.000000 234586.000000 30
123456789
123475.000000 234586.100000 30
123456789
123475.000000 234586.200000 30
123456789
123475.000000 234586.300000 30
123456789
123475.000000 234586.400000 30
123456789
123477.000000 5
123477.000000 234588.000000 30
123456789
123477.000000 234588.100000 30
123456789
123477.000000 234588.200000 30
123456789
123477.000000 234588.300000 30
123456789
123477.000000 234588.400000 30
123456789
123479.000000 5
123479.000000 234590.000000 30
123456789
123479.000000 234590.100000 30
123456789
123479.000000 234590.200000 30
123456789
123479.000000 234590.300000 30
123456789
123479.000000 234590.400000 30
123456789
123481.000000 5
123481.000000 234592.000000 30
123456789
123481.000000 234592.100000 30
123456789
123481.000000 234592.200000 30
123456789
123481.000000 234592.300000 30
123456789
123481.000000 234592.400000 30
123456789
123483.000000 5
123483.000000 234594.000000 30
123456789
123483.000000 234594.100000 30
123456789
123483.000000 234594.200000 30
123456789
123483.000000 234594.300000 30
123456789
123483.000000 234594.400000 30
123456789
123485.000000 5
123485.000000 234596.000000 30
123456789
123485.000000 234596.100000 30
123456789
123485.000000 234596.200000 30
123456789
123485.000000 234596.300000 30
123456789
123485.000000 234596.400000 30
123456789
123487.000000 5
123487.000000 234598.000000 30
123456789
123487.000000 234598.100000 30
123456789
123487.000000 234598.200000 30
123456789
123487.000000 234598.300000 30
123456789
123487.000000 234598.400000 30
123456789
123489.000000 5
123489.000000 234600.000000 30
123456789
123489.000000 234600.100000 30
123456789
123489.000000 234600.200000 30
123456789
123489.000000 234600.300000 30
123456789
123489.000000 234600.400000 30
123456789
123491.000000 5
123491.000000 234602.000000 30
123456789
123491.000000 234602.100000 30
123456789
123491.000000 234602.200000 30
123456789
123491.000000 234602.300000 30
123456789
123491.000000 234602.400000 30
123456789
123493.000000 5
123493.000000 234604.000000 30
123456789
123493.000000 234604.100000 30
123456789
123493.000000 234604.200000 30
123456789
123493.000000 234604.300000 30
123456789
123493.000000 234604.400000 30
123456789
123495.000000 5
123495.000000 234606.000000 30
123456789
123495.000000 234606.100000 30
123456789
123495.000000 234606.200000 30
123456789
123495.000000 234606.300000 30
123456789
123495.000000 234606.400000 30
123456789
123497.000000 5
123497.000000 234608.000000 30
123456789
123497.000000 234608.100000 30
123456789
123497.000000 234608.200000 30
123456789
123497.000000 234608.300000 30
123456789
123497.000000 234608.400000 30
123456789
123499.000000 5
123499.000000 234610.000000 30
123456789
123499.000000 234610.100000 30
123456789
123499.000000 234610.200000 30
123456789
123499.000000 234610.300000 30
123456789
123499.000000 234610.400000 30
123456789
123501.000000 5
123501.000000 234612.000000 30
123456789
123501.000000 234612.100000 30
123456789
123501.000000 234612.200000 30
123456789
123501.000000 234612.300000 30
123456789
123501.000000 234612.400000 30
123456789
123503.000000 5
123503.000000 234614.000000 30
123456789
123503.000000 234614.100000 30
123456789
123503.000000 234614.200000 30
123456789
123503.000000 234614.300000 30
123456789
123503.000000 234614.400000 30
123456789
123505.000000 5
123505.000000 234616.000000 30
123456789
123505.000000 234616.100000 30
123456789
123505.000000 234616.200000 30
123456789
123505.000000 234616.300000 30
123456789
123505.000000 234616.400000 30
123456789
123507.000000 5
123507.000000 234618.000000 30
123456789
123507.000000 234618.100000 30
123456789
123507.000000 234618.200000 30
123456789
123507.000000 234618.300000 30
123456789
123507.000000 234618.400000 30
123456789
123509.000000 5
123509.000000 234620.000000 30
123456789
123509.000000 234620.100000 30
123456789
123509.000000 234620.200000 30
123456789
123509.000000 234620.300000 30
123456789
123509.000000 234620.400000 30
123456789
123511.000000 5
123511.000000 234622.000000 30
123456789
123511.000000 234622.100000 30
123456789
123511.000000 234622.200000 30
123456789
123511.000000 234622.300000 30
123456789
123511.000000 234622.400000 30
123456789
123513.000000 5
123513.000000 234624.000000 30
123456789
123513.000000 234624.100000 30
123456789
123513.000000 234624.200000 30
123456789
123513.000000 234624.300000 30
123456789
123513.000000 234624.400000 30
123456789
123515.000000 5
123515.000000 234626.000000 30
123456789
123515.000000 234626.100000 30
123456789
123515.000000 234626.200000 30
123456789
123515.000000 234626.300000 30
123456789
123515.000000 234626.400000 30
123456789
123517.000000 5
123517.000000 234628.000000 30
123456789
123517.000000 234628.100000 30
123456789
123517.000000 234628.200000 30
123456789
123517.000000 234628.300000 30
123456789
123517.000000 234628.400000 30
123456789
123519.000000 5
123519.000000 234630.000000 30
123456789
123519.000000 234630.100000 30
123456789
123519.000000 234630.200000 30
123456789
123519.000000 234630.300000 30
123456789
123519.000000 234630.400000 30
123456789
123521.000000 5
123521.000000 234632.000000 30
123456789
123521.000000 234632.100000 30
123456789
123521.000000 234632.200000 30
123456789
123521.000000 234632.300000 30
123456789
123521.000000 234632.400000 30
123456789
123523.000000 5
123523.000000 234634.000000 30
123456789
123523.000000 234634.100000 30
123456789
123523.000000 234634.200000 30
123456789
123523.000000 234634.300000 30
123456789
123523.000000 234634.400000 30
123456789
123525.000000 5
123525.000000 234636.000000 30
123456789
123525.000000 234636.100000 30
123456789
123525.000000 234636.200000 30
123456789
123525.000000 234636.300000 30
123456789
123525.000000 234636.400000 30
123456789
123527.000000 5
123527.000000 234638.000000 30
123456789
123527.000000 234638.100000 30
123456789
123527.000000 234638.200000 30
123456789
123527.000000 234638.300000 30
123456789
123527.000000 234638.400000 30
123456789
123529.000000 5
123529.000000 234640.000000 30
123456789
123529.000000 234640.100000 30
123456789
123529.000000 234640.200000 30
123456789
123529.000000 234640.300000 30
123456789
123529.000000 234640.400000 30
123456789
123531.000000 5
123531.000000 234642.000000 30
123456789
123531.000000 234642.100000 30
123456789
123531.000000 234642.200000 30
123456789
123531.000000 234642.300000 30
123456789
123531.000000 234642.400000 30
123456789
123533.000000 5
123533.000000 234644.000000 30
123456789
123533.000000 234644.100000 30
123456789
123533.000000 234644.200000 30
123456789
123533.000000 234644.300000 30
123456789
123533.000000 234644.400000 30
123456789
123535.000000 5
123535.000000 234646.000000 30
123456789
123535.000000 234646.100000 30
123456789
123535.000000 234646.200000 30
123456789
123535.000000 234646.300000 30
123456789
123535.000000 234646.400000 30
123456789
123537.000000 5
123537.000000 234648.000000 30
123456789
123537.000000 234648.100000 30
123456789
123537.000000 234648.200000 30
123456789
123537.000000 234648.300000 30
123456789
123537.000000 234648.400000 30
123456789
123539.000000 5
123539.000000 234650.000000 30
123456789
123539.000000 234650.100000 30
123456789
123539.000000 234650.200000 30
123456789
123539.000000 234650.300000 30
123456789
123539.000000 234650.400000 30
123456789
123541.000000 5
123541.000000 234652.000000 30
123456789
123541.000000 234652.100000 30
123456789
123541.000000 234652.200000 30
123456789
123541.000000 234652.300000 30
123456789
123541.000000 234652.400000 30
123456789
123543.000000 5
123543.000000 234654.000000 30
123456789
123543.000000 234654.100000 30
123456789
123543.000000 234654.200000 30
123456789
123543.000000 234654.300000 30
123456789
123543.000000 234654.400000 30
123456789
123545.000000 5
123545.000000 234656.000000 30
123456789
123545.000000 234656.100000 30
123456789
123545.000000 234656.200000 30
123456789
123545.000000 234656.300000 30
123456789
123545.000000 234656.400000 30
123456789
123547.000000 5
123547.000000 234658.000000 30
123456789
123547.000000 234658.100000 30
123456789
123547.000000 234658.200000 30
123456789
123547.000000 234658.300000 30
123456789
123547.000000 234658.400000 30
123456789
123549.000000 5
123549.000000 234660.000000 30
123456789
123549.000000 234660.100000 30
123456789
123549.000000 234660.200000 30
123456789
123549.000000 234660.300000 30
123456789
123549.000000 234660.400000 30
123456789
123551.000000 5
123551.000000 234662.000000 30
123456789
123551.000000 234662.100000 30
123456789
123551.000000 234662.200000 30
123456789
123551.000000 234662.300000 30
123456789
123551.000000 234662.400000 30
123456789
123553.000000 5
123553.000000 234664.000000 30
123456789
123553.000000 234664.100000 30
123456789
123553.000000 234664.200000 30
123456789
123553.000000 234664.300000 30
123456789
123553.000000 234664.400000 30
123456789
123555.000000 5
123555.000000 234666.000000 30
123456789
123555.000000 234666.100000 30
123456789
123555.000000 234666.200000 30
123456789
123555.000000 234666.300000 30
123456789
123555.000000 234666.400000 30
123456789
123557.000000 5
123557.000000 234668.000000 30
123456789
123557.000000 234668.100000 30
123456789
123557.000000 234668.200000 30
123456789
123557.000000 234668.300000 30
123456789
123557.000000 234668.400000 30
123456789
123559.000000 5
123559.000000 234670.000000 30
123456789
123559.000000 234670.100000 30
123456789
123559.000000 234670.200000 30
123456789
123559.000000 234670.300000 30
123456789
123559.000000 234670.400000 30
123456789
123561.000000 5
123561.000000 234672.000000 30
123456789
123561.000000 234672.100000 30
123456789
123561.000000 234672.200000 30
123456789
123561.000000 234672.300000 30
123456789
123561.000000 234672.400000 30
123456789
123563.000000 5
123563.000000 234674.000000 30
123456789
123563.000000 234674.100000 30
123456789
123563.000000 234674.200000 30
123456789
123563.000000 234674.300000 30
123456789
123563.000000 234674.400000 30
123456789
123565.000000 5
123565.000000 234676.000000 30
123456789
123565.000000 234676.100000 30
123456789
123565.000000 234676.200000 30
123456789
123565.000000 234676.300000 30
123456789
123565.000000 234676.400000 30
123456789
123567.000000 5
123567.000000 234678.000000 30
123456789
123567.000000 234678.100000 30
123456789
123567.000000 234678.200000 30
123456789
123567.000000 234678.300000 30
123456789
123567.000000 234678.400000 30
123456789
123569.000000 5
123569.000000 234680.000000 30
123456789
123569.000000 234680.100000 30
123456789
123569.000000 234680.200000 30
123456789
123569.000000 234680.300000 30
123456789
123569.000000 234680.400000 30
123456789
123571.000000 5
123571.000000 234682.000000 30
123456789
123571.000000 234682.100000 30
123456789
123571.000000 234682.200000 30
123456789
123571.000000 234682.300000 30
123456789
123571.000000 234682.400000 30
123456789
123573.000000 5
123573.000000 234684.000000 30
123456789
123573.000000 234684.100000 30
123456789
123573.000000 234684.200000 30
123456789
123573.000000 234684.300000 30
123456789
123573.000000 234684.400000 30
123456789
123575.000000 5
123575.000000 234686.000000 30
123456789
123575.000000 234686.100000 30
123456789
123575.000000 234686.200000 30
123456789
123575.000000 234686.300000 30
123456789
123575.000000 234686.400000 30
123456789
123577.000000 5
123577.000000 234688.000000 30
123456789
123577.000000 234688.100000 30
123456789
123577.000000 234688.200000 30
123456789
123577.000000 234688.300000 30
123456789
123577.000000 234688.400000 30
123456789
123579.000000 5
123579.000000 234690.000000 30
123456789
123579.000000 234690.100000 30
123456789
123579.000000 234690.200000 30
123456789
123579.000000 234690.300000 30
123456789
123579.000000 234690.400000 30
123456789
123581.000000 5
123581.000000 234692.000000 30
123456789
123581.000000 234692.100000 30
123456789
123581.000000 234692.200000 30
123456789
123581.000000 234692.300000 30
123456789
123581.000000 234692.400000 30
123456789
123583.000000 5
123583.000000 234694.000000 30
123456789
123583.000000 234694.100000 30
123456789
123583.000000 234694.200000 30
123456789
123583.000000 234694.300000 30
123456789
123583.000000 234694.400000 30
123456789
123585.000000 5
123585.000000 234696.000000 30
123456789
123585.000000 234696.100000 30
123456789
123585.000000 234696.200000 30
123456789
123585.000000 234696.300000 30
123456789
123585.000000 234696.400000 30
123456789
123587.000000 5
123587.000000 234698.000000 30
123456789
123587.000000 234698.100000 30
123456789
123587.000000 234698.200000 30
123456789
123587.000000 234698.300000 30
123456789
123587.000000 234698.400000 30
123456789
123589.000000 5
123589.000000 234700.000000 30
123456789
123589.000000 234700.100000 30
123456789
123589.000000 234700.200000 30
123456789
123589.000000 234700.300000 30
123456789
123589.000000 234700.400000 30
123456789
123591.000000 5
123591.000000 234702.000000 30
123456789
123591.000000 234702.100000 30
123456789
123591.000000 234702.200000 30
123456789
123591.000000 234702.300000 30
123456789
123591.000000 234702.400000 30
123456789
123593.000000 5
123593.000000 234704.000000 30
123456789
123593.000000 234704.100000 30
123456789
123593.000000 234704.200000 30
123456789
123593.000000 234704.300000 30
123456789
123593.000000 234704.400000 30
123456789
123595.000000 5
123595.000000 234706.000000 30
123456789
123595.000000 234706.100000 30
123456789
123595.000000 234706.200000 30
123456789
123595.000000 234706.300000 30
123456789
123595.000000 234706.400000 30
123456789
123597.000000 5
123597.000000 234708.000000 30
123456789
123597.000000 234708.100000 30
123456789
123597.000000 234708.200000 30
123456789
123597.000000 234708.300000 30
123456789
123597.000000 234708.400000 30
123456789
123599.000000 5
123599.000000 234710.000000 30
123456789
123599.000000 234710.100000 30
123456789
123599.000000 234710.200000 30
123456789
123599.000000 234710.300000 30
123456789
123599.000000 234710.400000 30
123456789
123601.000000 5
123601.000000 234712.000000 30
123456789
123601.000000 234712.100000 30
123456789
123601.000000 234712.200000 30
123456789
123601.000000 234712.300000 30
123456789
123601.000000 234712.400000 30
123456789
123603.000000 5
123603.000000 234714.000000 30
123456789
123603.000000 234714.100000 30
123456789
123603.000000 234714.200000 30
123456789
123603.000000 234714.300000 30
123456789
123603.000000 234714.400000 30
123456789
123605.000000 5
123605.000000 234716.000000 30
123456789
123605.000000 234716.100000 30
123456789
123605.000000 234716.200000 30
123456789
123605.000000 234716.300000 30
123456789
123605.000000 234716.400000 30
123456789
123607.000000 5
123607.000000 234718.000000 30
123456789
123607.000000 234718.100000 30
123456789
123607.000000 234718.200000 30
123456789
123607.000000 234718.300000 30
123456789
123607.000000 234718.400000 30
123456789
123609.000000 5
123609.000000 234720.000000 30
123456789
123609.000000 234720.100000 30
123456789
123609.000000 234720.200000 30
123456789
123609.000000 234720.300000 30
123456789
123609.000000 234720.400000 30
123456789
123611.000000 5
123611.000000 234722.000000 30
123456789
123611.000000 234722.100000 30
123456789
123611.000000 234722.200000 30
123456789
123611.000000 234722.300000 30
123456789
123611.000000 234722.400000 30
123456789
123613.000000 5
123613.000000 234724.000000 30
123456789
123613.000000 234724.100000 30
123456789
123613.000000 234724.200000 30
123456789
123613.000000 234724.300000 30
123456789
123613.000000 234724.400000 30
123456789
123615.000000 5
123615.000000 234726.000000 30
123456789
123615.000000 234726.100000 30
123456789
123615.000000 234726.200000 30
123456789
123615.000000 234726.300000 30
123456789
123615.000000 234726.400000 30
123456789
123617.000000 5
123617.000000 234728.000000 30
123456789
123617.000000 234728.100000 30
123456789
123617.000000 234728.200000 30
123456789
123617.000000 234728.300000 30
123456789
123617.000000 234728.400000 30
123456789
123619.000000 5
123619.000000 234730.000000 30
123456789
123619.000000 234730.100000 30
123456789
123619.000000 234730.200000 30
123456789
123619.000000 234730.300000 30
123456789
123619.000000 234730.400000 30
123456789
123621.000000 5
123621.000000 234732.000000 30
123456789
123621.000000 234732.100000 30
123456789
123621.000000 234732.200000 30
123456789
123621.000000 234732.300000 30
123456789
123621.000000 234732.400000 30
123456789
123623.000000 5
123623.000000 234734.000000 30
123456789
123623.000000 234734.100000 30
123456789
123623.000000 234734.200000 30
123456789
123623.000000 234734.300000 30
123456789
123623.000000 234734.400000 30
123456789
123625.000000 5
123625.000000 234736.000000 30
123456789
123625.000000 234736.100000 30
123456789
123625.000000 234736.200000 30
123456789
123625.000000 234736.300000 30
123456789
123625.000000 234736.400000 30
123456789
123627.000000 5
123627.000000 234738.000000 30
123456789
123627.000000 234738.100000 30
123456789
123627.000000 234738.200000 30
123456789
123627.000000 234738.300000 30
123456789
123627.000000 234738.400000 30
123456789
123629.000000 5
123629.000000 234740.000000 30
123456789
123629.000000 234740.100000 30
123456789
123629.000000 234740.200000 30
123456789
123629.000000 234740.300000 30
123456789
123629.000000 234740.400000 30
123456789
123631.000000 5
123631.000000 234742.000000 30
123456789
123631.000000 234742.100000 30
123456789
123631.000000 234742.200000 30
123456789
123631.000000 234742.300000 30
123456789
123631.000000 234742.400000 30
123456789
123633.000000 5
123633.000000 234744.000000 30
123456789
123633.000000 234744.100000 30
123456789
123633.000000 234744.200000 30
123456789
123633.000000 234744.300000 30
123456789
123633.000000 234744.400000 30
123456789
123635.000000 5
123635.000000 234746.000000 30
123456789
123635.000000 234746.100000 30
123456789
123635.000000 234746.200000 30
123456789
123635.000000 234746.300000 30
123456789
123635.000000 234746.400000 30
123456789
123637.000000 5
123637.000000 234748.000000 30
123456789
123637.000000 234748.100000 30
123456789
123637.000000 234748.200000 30
123456789
123637.000000 234748.300000 30
123456789
123637.000000 234748.400000 30
123456789
123639.000000 5
123639.000000 234750.000000 30
123456789
123639.000000 234750.100000 30
123456789
123639.000000 234750.200000 30
123456789
123639.000000 234750.300000 30
123456789
123639.000000 234750.400000 30
123456789
123641.000000 5
123641.000000 234752.000000 30
123456789
123641.000000 234752.100000 30
123456789
123641.000000 234752.200000 30
123456789
123641.000000 234752.300000 30
123456789
123641.000000 234752.400000 30
123456789
123643.000000 5
123643.000000 234754.000000 30
123456789
123643.000000 234754.100000 30
123456789
123643.000000 234754.200000 30
123456789
123643.000000 234754.300000 30
123456789
123643.000000 234754.400000 30
123456789
123645.000000 5
123645.000000 234756.000000 30
123456789
123645.000000 234756.100000 30
123456789
123645.000000 234756.200000 30
123456789
123645.000000 234756.300000 30
123456789
123645.000000 234756.400000 30
123456789
123647.000000 5
123647.000000 234758.000000 30
123456789
123647.000000 234758.100000 30
123456789
123647.000000 234758.200000 30
123456789
123647.000000 234758.300000 30
123456789
123647.000000 234758.400000 30
123456789
123649.000000 5
123649.000000 234760.000000 30
123456789
123649.000000 234760.100000 30
123456789
123649.000000 234760.200000 30
123456789
123649.000000 234760.300000 30
123456789
123649.000000 234760.400000 30
123456789
123651.000000 5
123651.000000 234762.000000 30
123456789
123651.000000 234762.100000 30
123456789
123651.000000 234762.200000 30
123456789
123651.000000 234762.300000 30
123456789
123651.000000 234762.400000 30
123456789
123653.000000 5
123653.000000 234764.000000 30
123456789
123653.000000 234764.100000 30
123456789
123653.000000 234764.200000 30
123456789
123653.000000 234764.300000 30
123456789
123653.000000 234764.400000 30
123456789
123655.000000 5
123655.000000 234766.000000 30
123456789
123655.000000 234766.100000 30
123456789
123655.000000 234766.200000 30
123456789
123655.000000 234766.300000 30
123456789
123655.000000 234766.400000 30
123456789
123657.000000 5
123657.000000 234768.000000 30
123456789
123657.000000 234768.100000 30
123456789
123657.000000 234768.200000 30
123456789
123657.000000 234768.300000 30
123456789
123657.000000 234768.400000 30
123456789
123659.000000 5
123659.000000 234770.000000 30
123456789
123659.000000 234770.100000 30
123456789
123659.000000 234770.200000 30
123456789
123659.000000 234770.300000 30
123456789
123659.000000 234770.400000 30
123456789
123661.000000 5
123661.000000 234772.000000 30
123456789
123661.000000 234772.100000 30
123456789
123661.000000 234772.200000 30
123456789
123661.000000 234772.300000 30
123456789
123661.000000 234772.400000 30
123456789
123663.000000 5
123663.000000 234774.000000 30
123456789
123663.000000 234774.100000 30
123456789
123663.000000 234774.200000 30
123456789
123663.000000 234774.300000 30
123456789
123663.000000 234774.400000 30
123456789
123665.000000 5
123665.000000 234776.000000 30
123456789
123665.000000 234776.100000 30
123456789
123665.000000 234776.200000 30
123456789
123665.000000 234776.300000 30
123456789
123665.000000 234776.400000 30
123456789
123667.000000 5
123667.000000 234778.000000 30
123456789
123667.000000 234778.100000 30
123456789
123667.000000 234778.200000 30
123456789
123667.000000 234778.300000 30
123456789
123667.000000 234778.400000 30
123456789
123669.000000 5
123669.000000 234780.000000 30
123456789
123669.000000 234780.100000 30
123456789
123669.000000 234780.200000 30
123456789
123669.000000 234780.300000 30
123456789
123669.000000 234780.400000 30
123456789
123671.000000 5
123671.000000 234782.000000 30
123456789
123671.000000 234782.100000 30
123456789
123671.000000 234782.200000 30
123456789
123671.000000 234782.300000 30
123456789
123671.000000 234782.400000 30
123456789
123673.000000 5
123673.000000 234784.000000 30
123456789
123673.000000 234784.100000 30
123456789
123673.000000 234784.200000 30
123456789
123673.000000 234784.300000 30
123456789
123673.000000 234784.400000 30
123456789
123675.000000 5
123675.000000 234786.000000 30
123456789
123675.000000 234786.100000 30
123456789
123675.000000 234786.200000 30
123456789
123675.000000 234786.300000 30
123456789
123675.000000 234786.400000 30
123456789
123677.000000 5
123677.000000 234788.000000 30
123456789
123677.000000 234788.100000 30
123456789
123677.000000 234788.200000 30
123456789
123677.000000 234788.300000 30
123456789
123677.000000 234788.400000 30
123456789
123679.000000 5
123679.000000 234790.000000 30
123456789
123679.000000 234790.100000 30
123456789
123679.000000 234790.200000 30
123456789
123679.000000 234790.300000 30
123456789
123679.000000 234790.400000 30
123456789
123681.000000 5
123681.000000 234792.000000 30
123456789
123681.000000 234792.100000 30
123456789
123681.000000 234792.200000 30
123456789
123681.000000 234792.300000 30
123456789
123681.000000 234792.400000 30
123456789
123683.000000 5
123683.000000 234794.000000 30
123456789
123683.000000 234794.100000 30
123456789
123683.000000 234794.200000 30
123456789
123683.000000 234794.300000 30
123456789
123683.000000 234794.400000 30
123456789
123685.000000 5
123685.000000 234796.000000 30
123456789
123685.000000 234796.100000 30
123456789
123685.000000 234796.200000 30
123456789
123685.000000 234796.300000 30
123456789
123685.000000 234796.400000 30
123456789
123687.000000 5
123687.000000 234798.000000 30
123456789
123687.000000 234798.100000 30
123456789
123687.000000 234798.200000 30
123456789
123687.000000 234798.300000 30
123456789
123687.000000 234798.400000 30
123456789
123689.000000 5
123689.000000 234800.000000 30
123456789
123689.000000 234800.100000 30
123456789
123689.000000 234800.200000 30
123456789
123689.000000 234800.300000 30
123456789
123689.000000 234800.400000 30
123456789
123691.000000 5
123691.000000 234802.000000 30
123456789
123691.000000 234802.100000 30
123456789
123691.000000 234802.200000 30
123456789
123691.000000 234802.300000 30
123456789
123691.000000 234802.400000 30
123456789
123693.000000 5
123693.000000 234804.000000 30
123456789
123693.000000 234804.100000 30
123456789
123693.000000 234804.200000 30
123456789
123693.000000 234804.300000 30
123456789
123693.000000 234804.400000 30
123456789
123695.000000 5
123695.000000 234806.000000 30
123456789
123695.000000 234806.100000 30
123456789
123695.000000 234806.200000 30
123456789
123695.000000 234806.300000 30
123456789
123695.000000 234806.400000 30
123456789
123697.000000 5
123697.000000 234808.000000 30
123456789
123697.000000 234808.100000 30
123456789
123697.000000 234808.200000 30
123456789
123697.000000 234808.300000 30
123456789
123697.000000 234808.400000 30
123456789
123699.000000 5
123699.000000 234810.000000 30
123456789
123699.000000 234810.100000 30
123456789
123699.000000 234810.200000 30
123456789
123699.000000 234810.300000 30
123456789
123699.000000 234810.400000 30
123456789
123701.000000 5
123701.000000 234812.000000 30
123456789
123701.000000 234812.100000 30
123456789
123701.000000 234812.200000 30
123456789
123701.000000 234812.300000 30
123456789
123701.000000 234812.400000 30
123456789
123703.000000 5
123703.000000 234814.000000 30
123456789
123703.000000 234814.100000 30
123456789
123703.000000 234814.200000 30
123456789
123703.000000 234814.300000 30
123456789
123703.000000 234814.400000 30
123456789
123705.000000 5
123705.000000 234816.000000 30
123456789
123705.000000 234816.100000 30
123456789
123705.000000 234816.200000 30
123456789
123705.000000 234816.300000 30
123456789
123705.000000 234816.400000 30
123456789
123707.000000 5
123707.000000 234818.000000 30
123456789
123707.000000 234818.100000 30
123456789
123707.000000 234818.200000 30
123456789
123707.000000 234818.300000 30
123456789
123707.000000 234818.400000 30
123456789
123709.000000 5
123709.000000 234820.000000 30
123456789
123709.000000 234820.100000 30
123456789
123709.000000 234820.200000 30
123456789
123709.000000 234820.300000 30
123456789
123709.000000 234820.400000 30
123456789
123711.000000 5
123711.000000 234822.000000 30
123456789
123711.000000 234822.100000 30
123456789
123711.000000 234822.200000 30
123456789
123711.000000 234822.300000 30
123456789
123711.000000 234822.400000 30
123456789
123713.000000 5
123713.000000 234824.000000 30
123456789
123713.000000 234824.100000 30
123456789
123713.000000 234824.200000 30
123456789
123713.000000 234824.300000 30
123456789
123713.000000 234824.400000 30
123456789
123715.000000 5
123715.000000 234826.000000 30
123456789
123715.000000 234826.100000 30
123456789
123715.000000 234826.200000 30
123456789
123715.000000 234826.300000 30
123456789
123715.000000 234826.400000 30
123456789
123717.000000 5
123717.000000 234828.000000 30
123456789
123717.000000 234828.100000 30
123456789
123717.000000 234828.200000 30
123456789
123717.000000 234828.300000 30
123456789
123717.000000 234828.400000 30
123456789
123719.000000 5
123719.000000 234830.000000 30
123456789
123719.000000 234830.100000 30
123456789
123719.000000 234830.200000 30
123456789
123719.000000 234830.300000 30
123456789
123719.000000 234830.400000 30
123456789
123721.000000 5
123721.000000 234832.000000 30
123456789
123721.000000 234832.100000 30
123456789
123721.000000 234832.200000 30
123456789
123721.000000 234832.300000 30
123456789
123721.000000 234832.400000 30
123456789
123723.000000 5
123723.000000 234834.000000 30
123456789
123723.000000 234834.100000 30
123456789
123723.000000 234834.200000 30
123456789
123723.000000 234834.300000 30
123456789
123723.000000 234834.400000 30
123456789
123725.000000 5
123725.000000 234836.000000 30
123456789
123725.000000 234836.100000 30
123456789
123725.000000 234836.200000 30
123456789
123725.000000 234836.300000 30
123456789
123725.000000 234836.400000 30
123456789
123727.000000 5
123727.000000 234838.000000 30
123456789
123727.000000 234838.100000 30
123456789
123727.000000 234838.200000 30
123456789
123727.000000 234838.300000 30
123456789
123727.000000 234838.400000 30
123456789
123729.000000 5
123729.000000 234840.000000 30
123456789
123729.000000 234840.100000 30
123456789
123729.000000 234840.200000 30
123456789
123729.000000 234840.300000 30
123456789
123729.000000 234840.400000 30
123456789
123731.000000 5
123731.000000 234842.000000 30
123456789
123731.000000 234842.100000 30
123456789
123731.000000 234842.200000 30
123456789
123731.000000 234842.300000 30
123456789
123731.000000 234842.400000 30
123456789
123733.000000 5
123733.000000 234844.000000 30
123456789
123733.000000 234844.100000 30
123456789
123733.000000 234844.200000 30
123456789
123733.000000 234844.300000 30
123456789
123733.000000 234844.400000 30
123456789
123735.000000 5
123735.000000 234846.000000 30
123456789
123735.000000 234846.100000 30
123456789
123735.000000 234846.200000 30
123456789
123735.000000 234846.300000 30
123456789
123735.000000 234846.400000 30
123456789
123737.000000 5
123737.000000 234848.000000 30
123456789
123737.000000 234848.100000 30
123456789
123737.000000 234848.200000 30
123456789
123737.000000 234848.300000 30
123456789
123737.000000 234848.400000 30
123456789
123739.000000 5
123739.000000 234850.000000 30
123456789
123739.000000 234850.100000 30
123456789
123739.000000 234850.200000 30
123456789
123739.000000 234850.300000 30
123456789
123739.000000 234850.400000 30
123456789
123741.000000 5
123741.000000 234852.000000 30
123456789
123741.000000 234852.100000 30
123456789
123741.000000 234852.200000 30
123456789
123741.000000 234852.300000 30
123456789
123741.000000 234852.400000 30
123456789
123743.000000 5
123743.000000 234854.000000 30
123456789
123743.000000 234854.100000 30
123456789
123743.000000 234854.200000 30
123456789
123743.000000 234854.300000 30
123456789
123743.000000 234854.400000 30
123456789
123745.000000 5
123745.000000 234856.000000 30
123456789
123745.000000 234856.100000 30
123456789
123745.000000 234856.200000 30
123456789
123745.000000 234856.300000 30
123456789
123745.000000 234856.400000 30
123456789
123747.000000 5
123747.000000 234858.000000 30
123456789
123747.000000 234858.100000 30
123456789
123747.000000 234858.200000 30
123456789
123747.000000 234858.300000 30
123456789
123747.000000 234858.400000 30
123456789
123749.000000 5
123749.000000 234860.000000 30
123456789
123749.000000 234860.100000 30
123456789
123749.000000 234860.200000 30
123456789
123749.000000 234860.300000 30
123456789
123749.000000 234860.400000 30
123456789
123751.000000 5
123751.000000 234862.000000 30
123456789
123751.000000 234862.100000 30
123456789
123751.000000 234862.200000 30
123456789
123751.000000 234862.300000 30
123456789
123751.000000 234862.400000 30
123456789
123753.000000 5
123753.000000 234864.000000 30
123456789
123753.000000 234864.100000 30
123456789
123753.000000 234864.200000 30
123456789
123753.000000 234864.300000 30
123456789
123753.000000 234864.400000 30
123456789
123755.000000 5
123755.000000 234866.000000 30
123456789
123755.000000 234866.100000 30
123456789
123755.000000 234866.200000 30
123456789
123755.000000 234866.300000 30
123456789
123755.000000 234866.400000 30
123456789
123757.000000 5
123757.000000 234868.000000 30
123456789
123757.000000 234868.100000 30
123456789
123757.000000 234868.200000 30
123456789
123757.000000 234868.300000 30
123456789
123757.000000 234868.400000 30
123456789
123759.000000 5
123759.000000 234870.000000 30
123456789
123759.000000 234870.100000 30
123456789
123759.000000 234870.200000 30
123456789
123759.000000 234870.300000 30
123456789
123759.000000 234870.400000 30
123456789
123761.000000 5
123761.000000 234872.000000 30
123456789
123761.000000 234872.100000 30
123456789
123761.000000 234872.200000 30
123456789
123761.000000 234872.300000 30
123456789
123761.000000 234872.400000 30
123456789
123763.000000 5
123763.000000 234874.000000 30
123456789
123763.000000 234874.100000 30
123456789
123763.000000 234874.200000 30
123456789
123763.000000 234874.300000 30
123456789
123763.000000 234874.400000 30
123456789
123765.000000 5
123765.000000 234876.000000 30
123456789
123765.000000 234876.100000 30
123456789
123765.000000 234876.200000 30
123456789
123765.000000 234876.300000 30
123456789
123765.000000 234876.400000 30
123456789
123767.000000 5
123767.000000 234878.000000 30
123456789
123767.000000 234878.100000 30
123456789
123767.000000 234878.200000 30
123456789
123767.000000 234878.300000 30
123456789
123767.000000 234878.400000 30
123456789
123769.000000 5
123769.000000 234880.000000 30
123456789
123769.000000 234880.100000 30
123456789
123769.000000 234880.200000 30
123456789
123769.000000 234880.300000 30
123456789
123769.000000 234880.400000 30
123456789
123771.000000 5
123771.000000 234882.000000 30
123456789
123771.000000 234882.100000 30
123456789
123771.000000 234882.200000 30
123456789
123771.000000 234882.300000 30
123456789
123771.000000 234882.400000 30
123456789
123773.000000 5
123773.000000 234884.000000 30
123456789
123773.000000 234884.100000 30
123456789
123773.000000 234884.200000 30
123456789
123773.000000 234884.300000 30
123456789
123773.000000 234884.400000 30
123456789
123775.000000 5
123775.000000 234886.000000 30
123456789
123775.000000 234886.100000 30
123456789
123775.000000 234886.200000 30
123456789
123775.000000 234886.300000 30
123456789
123775.000000 234886.400000 30
123456789
123777.000000 5
123777.000000 234888.000000 30
123456789
123777.000000 234888.100000 30
123456789
123777.000000 234888.200000 30
123456789
123777.000000 234888.300000 30
123456789
123777.000000 234888.400000 30
123456789
123779.000000 5
123779.000000 234890.000000 30
123456789
123779.000000 234890.100000 30
123456789
123779.000000 234890.200000 30
123456789
123779.000000 234890.300000 30
123456789
123779.000000 234890.400000 30
123456789
123781.000000 5
123781.000000 234892.000000 30
123456789
123781.000000 234892.100000 30
123456789
123781.000000 234892.200000 30
123456789
123781.000000 234892.300000 30
123456789
123781.000000 234892.400000 30
123456789
123783.000000 5
123783.000000 234894.000000 30
123456789
123783.000000 234894.100000 30
123456789
123783.000000 234894.200000 30
123456789
123783.000000 234894.300000 30
123456789
123783.000000 234894.400000 30
123456789
123785.000000 5
123785.000000 234896.000000 30
123456789
123785.000000 234896.100000 30
123456789
123785.000000 234896.200000 30
123456789
123785.000000 234896.300000 30
123456789
123785.000000 234896.400000 30
123456789
123787.000000 5
123787.000000 234898.000000 30
123456789
123787.000000 234898.100000 30
123456789
123787.000000 234898.200000 30
123456789
123787.000000 234898.300000 30
123456789
123787.000000 234898.400000 30
123456789
123789.000000 5
123789.000000 234900.000000 30
123456789
123789.000000 234900.100000 30
123456789
123789.000000 234900.200000 30
123456789
123789.000000 234900.300000 30
123456789
123789.000000 234900.400000 30
123456789
123791.000000 5
123791.000000 234902.000000 30
123456789
123791.000000 234902.100000 30
123456789
123791.000000 234902.200000 30
123456789
123791.000000 234902.300000 30
123456789
123791.000000 234902.400000 30
123456789
123793.000000 5
123793.000000 234904.000000 30
123456789
123793.000000 234904.100000 30
123456789
123793.000000 234904.200000 30
123456789
123793.000000 234904.300000 30
123456789
123793.000000 234904.400000 30
123456789
123795.000000 5
123795.000000 234906.000000 30
123456789
123795.000000 234906.100000 30
123456789
123795.000000 234906.200000 30
123456789
123795.000000 234906.300000 30
123456789
123795.000000 234906.400000 30
123456789
123797.000000 5
123797.000000 234908.000000 30
123456789
123797.000000 234908.100000 30
123456789
123797.000000 234908.200000 30
123456789
123797.000000 234908.300000 30
123456789
123797.000000 234908.400000 30
123456789
123799.000000 5
123799.000000 234910.000000 30
123456789
123799.000000 234910.100000 30
123456789
123799.000000 234910.200000 30
123456789
123799.000000 234910.300000 30
123456789
123799.000000 234910.400000 30
123456789
123801.000000 5
123801.000000 234912.000000 30
123456789
123801.000000 234912.100000 30
123456789
123801.000000 234912.200000 30
123456789
123801.000000 234912.300000 30
123456789
123801.000000 234912.400000 30
123456789
123803.000000 5
123803.000000 234914.000000 30
123456789
123803.000000 234914.100000 30
123456789
123803.000000 234914.200000 30
123456789
123803.000000 234914.300000 30
123456789
123803.000000 234914.400000 30
123456789
123805.000000 5
123805.000000 234916.000000 30
123456789
123805.000000 234916.100000 30
123456789
123805.000000 234916.200000 30
123456789
123805.000000 234916.300000 30
123456789
123805.000000 234916.400000 30
123456789
123807.000000 5
123807.000000 234918.000000 30
123456789
123807.000000 234918.100000 30
123456789
123807.000000 234918.200000 30
123456789
123807.000000 234918.300000 30
123456789
123807.000000 234918.400000 30
123456789
123809.000000 5
123809.000000 234920.000000 30
123456789
123809.000000 234920.100000 30
123456789
123809.000000 234920.200000 30
123456789
123809.000000 234920.300000 30
123456789
123809.000000 234920.400000 30
123456789
123811.000000 5
123811.000000 234922.000000 30
123456789
123811.000000 234922.100000 30
123456789
123811.000000 234922.200000 30
123456789
123811.000000 234922.300000 30
123456789
123811.000000 234922.400000 30
123456789
123813.000000 5
123813.000000 234924.000000 30
123456789
123813.000000 234924.100000 30
123456789
123813.000000 234924.200000 30
123456789
123813.000000 234924.300000 30
123456789
123813.000000 234924.400000 30
123456789
123815.000000 5
123815.000000 234926.000000 30
123456789
123815.000000 234926.100000 30
123456789
123815.000000 234926.200000 30
123456789
123815.000000 234926.300000 30
123456789
123815.000000 234926.400000 30
123456789
123817.000000 5
123817.000000 234928.000000 30
123456789
123817.000000 234928.100000 30
123456789
123817.000000 234928.200000 30
123456789
123817.000000 234928.300000 30
123456789
123817.000000 234928.400000 30
123456789
123819.000000 5
123819.000000 234930.000000 30
123456789
123819.000000 234930.100000 30
123456789
123819.000000 234930.200000 30
123456789
123819.000000 234930.300000 30
123456789
123819.000000 234930.400000 30
123456789
123821.000000 5
123821.000000 234932.000000 30
123456789
123821.000000 234932.100000 30
123456789
123821.000000 234932.200000 30
123456789
123821.000000 234932.300000 30
123456789
123821.000000 234932.400000 30
123456789
123823.000000 5
123823.000000 234934.000000 30
123456789
123823.000000 234934.100000 30
123456789
123823.000000 234934.200000 30
123456789
123823.000000 234934.300000 30
123456789
123823.000000 234934.400000 30
123456789
123825.000000 5
123825.000000 234936.000000 30
123456789
123825.000000 234936.100000 30
123456789
123825.000000 234936.200000 30
123456789
123825.000000 234936.300000 30
123456789
123825.000000 234936.400000 30
123456789
123827.000000 5
123827.000000 234938.000000 30
123456789
123827.000000 234938.100000 30
123456789
123827.000000 234938.200000 30
123456789
123827.000000 234938.300000 30
123456789
123827.000000 234938.400000 30
123456789
123829.000000 5
123829.000000 234940.000000 30
123456789
123829.000000 234940.100000 30
123456789
123829.000000 234940.200000 30
123456789
123829.000000 234940.300000 30
123456789
123829.000000 234940.400000 30
123456789
123831.000000 5
123831.000000 234942.000000 30
123456789
123831.000000 234942.100000 30
123456789
123831.000000 234942.200000 30
123456789
123831.000000 234942.300000 30
123456789
123831.000000 234942.400000 30
123456789
123833.000000 5
123833.000000 234944.000000 30
123456789
123833.000000 234944.100000 30
123456789
123833.000000 234944.200000 30
123456789
123833.000000 234944.300000 30
123456789
123833.000000 234944.400000 30
123456789
123835.000000 5
123835.000000 234946.000000 30
123456789
123835.000000 234946.100000 30
123456789
123835.000000 234946.200000 30
123456789
123835.000000 234946.300000 30
123456789
123835.000000 234946.400000 30
123456789
123837.000000 5
123837.000000 234948.000000 30
123456789
123837.000000 234948.100000 30
123456789
123837.000000 234948.200000 30
123456789
123837.000000 234948.300000 30
123456789
123837.000000 234948.400000 30
123456789
123839.000000 5
123839.000000 234950.000000 30
123456789
123839.000000 234950.100000 30
123456789
123839.000000 234950.200000 30
123456789
123839.000000 234950.300000 30
123456789
123839.000000 234950.400000 30
123456789
123841.000000 5
123841.000000 234952.000000 30
123456789
123841.000000 234952.100000 30
123456789
123841.000000 234952.200000 30
123456789
123841.000000 234952.300000 30
123456789
123841.000000 234952.400000 30
123456789
123843.000000 5
123843.000000 234954.000000 30
123456789
123843.000000 234954.100000 30
123456789
123843.000000 234954.200000 30
123456789
123843.000000 234954.300000 30
123456789
123843.000000 234954.400000 30
123456789
123845.000000 5
123845.000000 234956.000000 30
123456789
123845.000000 234956.100000 30
123456789
123845.000000 234956.200000 30
123456789
123845.000000 234956.300000 30
123456789
123845.000000 234956.400000 30
123456789
123847.000000 5
123847.000000 234958.000000 30
123456789
123847.000000 234958.100000 30
123456789
123847.000000 234958.200000 30
123456789
123847.000000 234958.300000 30
123456789
123847.000000 234958.400000 30
123456789
123849.000000 5
123849.000000 234960.000000 30
123456789
123849.000000 234960.100000 30
123456789
123849.000000 234960.200000 30
123456789
123849.000000 234960.300000 30
123456789
123849.000000 234960.400000 30
123456789
123851.000000 5
123851.000000 234962.000000 30
123456789
123851.000000 234962.100000 30
123456789
123851.000000 234962.200000 30
123456789
123851.000000 234962.300000 30
123456789
123851.000000 234962.400000 30
123456789
123853.000000 5
123853.000000 234964.000000 30
123456789
123853.000000 234964.100000 30
123456789
123853.000000 234964.200000 30
123456789
123853.000000 234964.300000 30
123456789
123853.000000 234964.400000 30
123456789
123855.000000 5
123855.000000 234966.000000 30
123456789
123855.000000 234966.100000 30
123456789
123855.000000 234966.200000 30
123456789
123855.000000 234966.300000 30
123456789
123855.000000 234966.400000 30
123456789
123857.000000 5
123857.000000 234968.000000 30
123456789
123857.000000 234968.100000 30
123456789
123857.000000 234968.200000 30
123456789
123857.000000 234968.300000 30
123456789
123857.000000 234968.400000 30
123456789
123859.000000 5
123859.000000 234970.000000 30
123456789
123859.000000 234970.100000 30
123456789
123859.000000 234970.200000 30
123456789
123859.000000 234970.300000 30
123456789
123859.000000 234970.400000 30
123456789
123861.000000 5
123861.000000 234972.000000 30
123456789
123861.000000 234972.100000 30
123456789
123861.000000 234972.200000 30
123456789
123861.000000 234972.300000 30
123456789
123861.000000 234972.400000 30
123456789
123863.000000 5
123863.000000 234974.000000 30
123456789
123863.000000 234974.100000 30
123456789
123863.000000 234974.200000 30
123456789
123863.000000 234974.300000 30
123456789
123863.000000 234974.400000 30
123456789
123865.000000 5
123865.000000 234976.000000 30
123456789
123865.000000 234976.100000 30
123456789
123865.000000 234976.200000 30
123456789
123865.000000 234976.300000 30
123456789
123865.000000 234976.400000 30
123456789
123867.000000 5
123867.000000 234978.000000 30
123456789
123867.000000 234978.100000 30
123456789
123867.000000 234978.200000 30
123456789
123867.000000 234978.300000 30
123456789
123867.000000 234978.400000 30
123456789
123869.000000 5
123869.000000 234980.000000 30
123456789
123869.000000 234980.100000 30
123456789
123869.000000 234980.200000 30
123456789
123869.000000 234980.300000 30
123456789
123869.000000 234980.400000 30
123456789
123871.000000 5
123871.000000 234982.000000 30
123456789
123871.000000 234982.100000 30
123456789
123871.000000 234982.200000 30
123456789
123871.000000 234982.300000 30
123456789
123871.000000 234982.400000 30
123456789
123873.000000 5
123873.000000 234984.000000 30
123456789
123873.000000 234984.100000 30
123456789
123873.000000 234984.200000 30
123456789
123873.000000 234984.300000 30
123456789
123873.000000 234984.400000 30
123456789
123875.000000 5
123875.000000 234986.000000 30
123456789
123875.000000 234986.100000 30
123456789
123875.000000 234986.200000 30
123456789
123875.000000 234986.300000 30
123456789
123875.000000 234986.400000 30
123456789
123877.000000 5
123877.000000 234988.000000 30
123456789
123877.000000 234988.100000 30
123456789
123877.000000 234988.200000 30
123456789
123877.000000 234988.300000 30
123456789
123877.000000 234988.400000 30
123456789
123879.000000 5
123879.000000 234990.000000 30
123456789
123879.000000 234990.100000 30
123456789
123879.000000 234990.200000 30
123456789
123879.000000 234990.300000 30
123456789
123879.000000 234990.400000 30
123456789
123881.000000 5
123881.000000 234992.000000 30
123456789
123881.000000 234992.100000 30
123456789
123881.000000 234992.200000 30
123456789
123881.000000 234992.300000 30
123456789
123881.000000 234992.400000 30
123456789
123883.000000 5
123883.000000 234994.000000 30
123456789
123883.000000 234994.100000 30
123456789
123883.000000 234994.200000 30
123456789
123883.000000 234994.300000 30
123456789
123883.000000 234994.400000 30
123456789
123885.000000 5
123885.000000 234996.000000 30
123456789
123885.000000 234996.100000 30
123456789
123885.000000 234996.200000 30
123456789
123885.000000 234996.300000 30
123456789
123885.000000 234996.400000 30
123456789
123887.000000 5
123887.000000 234998.000000 30
123456789
123887.000000 234998.100000 30
123456789
123887.000000 234998.200000 30
123456789
123887.000000 234998.300000 30
123456789
123887.000000 234998.400000 30
123456789
123889.000000 5
123889.000000 235000.000000 30
123456789
123889.000000 235000.100000 30
123456789
123889.000000 235000.200000 30
123456789
123889.000000 235000.300000 30
123456789
123889.000000 235000.400000 30
123456789
123891.000000 5
123891.000000 235002.000000 30
123456789
123891.000000 235002.100000 30
123456789
123891.000000 235002.200000 30
123456789
123891.000000 235002.300000 30
123456789
123891.000000 235002.400000 30
123456789
123893.000000 5
123893.000000 235004.000000 30
123456789
123893.000000 235004.100000 30
123456789
123893.000000 235004.200000 30
123456789
123893.000000 235004.300000 30
123456789
123893.000000 235004.400000 30
123456789
123895.000000 5
123895.000000 235006.000000 30
123456789
123895.000000 235006.100000 30
123456789
123895.000000 235006.200000 30
123456789
123895.000000 235006.300000 30
123456789
123895.000000 235006.400000 30
123456789
123897.000000 5
123897.000000 235008.000000 30
123456789
123897.000000 235008.100000 30
123456789
123897.000000 235008.200000 30
123456789
123897.000000 235008.300000 30
123456789
123897.000000 235008.400000 30
123456789
123899.000000 5
123899.000000 235010.000000 30
123456789
123899.000000 235010.100000 30
123456789
123899.000000 235010.200000 30
123456789
123899.000000 235010.300000 30
123456789
123899.000000 235010.400000 30
123456789
123901.000000 5
123901.000000 235012.000000 30
123456789
123901.000000 235012.100000 30
123456789
123901.000000 235012.200000 30
123456789
123901.000000 235012.300000 30
123456789
123901.000000 235012.400000 30
123456789
123903.000000 5
123903.000000 235014.000000 30
123456789
123903.000000 235014.100000 30
123456789
123903.000000 235014.200000 30
123456789
123903.000000 235014.300000 30
123456789
123903.000000 235014.400000 30
123456789
123905.000000 5
123905.000000 235016.000000 30
123456789
123905.000000 235016.100000 30
123456789
123905.000000 235016.200000 30
123456789
123905.000000 235016.300000 30
123456789
123905.000000 235016.400000 30
123456789
123907.000000 5
123907.000000 235018.000000 30
123456789
123907.000000 235018.100000 30
123456789
123907.000000 235018.200000 30
123456789
123907.000000 235018.300000 30
123456789
123907.000000 235018.400000 30
123456789
123909.000000 5
123909.000000 235020.000000 30
123456789
123909.000000 235020.100000 30
123456789
123909.000000 235020.200000 30
123456789
123909.000000 235020.300000 30
123456789
123909.000000 235020.400000 30
123456789
123911.000000 5
123911.000000 235022.000000 30
123456789
123911.000000 235022.100000 30
123456789
123911.000000 235022.200000 30
123456789
123911.000000 235022.300000 30
123456789
123911.000000 235022.400000 30
123456789
123913.000000 5
123913.000000 235024.000000 30
123456789
123913.000000 235024.100000 30
123456789
123913.000000 235024.200000 30
123456789
123913.000000 235024.300000 30
123456789
123913.000000 235024.400000 30
123456789
123915.000000 5
123915.000000 235026.000000 30
123456789
123915.000000 235026.100000 30
123456789
123915.000000 235026.200000 30
123456789
123915.000000 235026.300000 30
123456789
123915.000000 235026.400000 30
123456789
123917.000000 5
123917.000000 235028.000000 30
123456789
123917.000000 235028.100000 30
123456789
123917.000000 235028.200000 30
123456789
123917.000000 235028.300000 30
123456789
123917.000000 235028.400000 30
123456789
123919.000000 5
123919.000000 235030.000000 30
123456789
123919.000000 235030.100000 30
123456789
123919.000000 235030.200000 30
123456789
123919.000000 235030.300000 30
123456789
123919.000000 235030.400000 30
123456789
123921.000000 5
123921.000000 235032.000000 30
123456789
123921.000000 235032.100000 30
123456789
123921.000000 235032.200000 30
123456789
123921.000000 235032.300000 30
123456789
123921.000000 235032.400000 30
123456789
123923.000000 5
123923.000000 235034.000000 30
123456789
123923.000000 235034.100000 30
123456789
123923.000000 235034.200000 30
123456789
123923.000000 235034.300000 30
123456789
123923.000000 235034.400000 30
123456789
123925.000000 5
123925.000000 235036.000000 30
123456789
123925.000000 235036.100000 30
123456789
123925.000000 235036.200000 30
123456789
123925.000000 235036.300000 30
123456789
123925.000000 235036.400000 30
123456789
123927.000000 5
123927.000000 235038.000000 30
123456789
123927.000000 235038.100000 30
123456789
123927.000000 235038.200000 30
123456789
123927.000000 235038.300000 30
123456789
123927.000000 235038.400000 30
123456789
123929.000000 5
123929.000000 235040.000000 30
123456789
123929.000000 235040.100000 30
123456789
123929.000000 235040.200000 30
123456789
123929.000000 235040.300000 30
123456789
123929.000000 235040.400000 30
123456789
123931.000000 5
123931.000000 235042.000000 30
123456789
123931.000000 235042.100000 30
123456789
123931.000000 235042.200000 30
123456789
123931.000000 235042.300000 30
123456789
123931.000000 235042.400000 30
123456789
123933.000000 5
123933.000000 235044.000000 30
123456789
123933.000000 235044.100000 30
123456789
123933.000000 235044.200000 30
123456789
123933.000000 235044.300000 30
123456789
123933.000000 235044.400000 30
123456789
123935.000000 5
123935.000000 235046.000000 30
123456789
123935.000000 235046.100000 30
123456789
123935.000000 235046.200000 30
123456789
123935.000000 235046.300000 30
123456789
123935.000000 235046.400000 30
123456789
123937.000000 5
123937.000000 235048.000000 30
123456789
123937.000000 235048.100000 30
123456789
123937.000000 235048.200000 30
123456789
123937.000000 235048.300000 30
123456789
123937.000000 235048.400000 30
123456789
123939.000000 5
123939.000000 235050.000000 30
123456789
123939.000000 235050.100000 30
123456789
123939.000000 235050.200000 30
123456789
123939.000000 235050.300000 30
123456789
123939.000000 235050.400000 30
123456789
123941.000000 5
123941.000000 235052.000000 30
123456789
123941.000000 235052.100000 30
123456789
123941.000000 235052.200000 30
123456789
123941.000000 235052.300000 30
123456789
123941.000000 235052.400000 30
123456789
123943.000000 5
123943.000000 235054.000000 30
123456789
123943.000000 235054.100000 30
123456789
123943.000000 235054.200000 30
123456789
123943.000000 235054.300000 30
123456789
123943.000000 235054.400000 30
123456789
123945.000000 5
123945.000000 235056.000000 30
123456789
123945.000000 235056.100000 30
123456789
123945.000000 235056.200000 30
123456789
123945.000000 235056.300000 30
123456789
123945.000000 235056.400000 30
123456789
123947.000000 5
123947.000000 235058.000000 30
123456789
123947.000000 235058.100000 30
123456789
123947.000000 235058.200000 30
123456789
123947.000000 235058.300000 30
123456789
123947.000000 235058.400000 30
123456789
123949.000000 5
123949.000000 235060.000000 30
123456789
123949.000000 235060.100000 30
123456789
123949.000000 235060.200000 30
123456789
123949.000000 235060.300000 30
123456789
123949.000000 235060.400000 30
123456789
123951.000000 5
123951.000000 235062.000000 30
123456789
123951.000000 235062.100000 30
123456789
123951.000000 235062.200000 30
123456789
123951.000000 235062.300000 30
123456789
123951.000000 235062.400000 30
123456789
123953.000000 5
123953.000000 235064.000000 30
123456789
123953.000000 235064.100000 30
123456789
123953.000000 235064.200000 30
123456789
123953.000000 235064.300000 30
123456789
123953.000000 235064.400000 30
123456789
123955.000000 5
123955.000000 235066.000000 30
123456789
123955.000000 235066.100000 30
123456789
123955.000000 235066.200000 30
123456789
123955.000000 235066.300000 30
123456789
123955.000000 235066.400000 30
123456789
123957.000000 5
123957.000000 235068.000000 30
123456789
123957.000000 235068.100000 30
123456789
123957.000000 235068.200000 30
123456789
123957.000000 235068.300000 30
123456789
123957.000000 235068.400000 30
123456789
123959.000000 5
123959.000000 235070.000000 30
123456789
123959.000000 235070.100000 30
123456789
123959.000000 235070.200000 30
123456789
123959.000000 235070.300000 30
123456789
123959.000000 235070.400000 30
123456789
123961.000000 5
123961.000000 235072.000000 30
123456789
123961.000000 235072.100000 30
123456789
123961.000000 235072.200000 30
123456789
123961.000000 235072.300000 30
123456789
123961.000000 235072.400000 30
123456789
123963.000000 5
123963.000000 235074.000000 30
123456789
123963.000000 235074.100000 30
123456789
123963.000000 235074.200000 30
123456789
123963.000000 235074.300000 30
123456789
123963.000000 235074.400000 30
123456789
123965.000000 5
123965.000000 235076.000000 30
123456789
123965.000000 235076.100000 30
123456789
123965.000000 235076.200000 30
123456789
123965.000000 235076.300000 30
123456789
123965.000000 235076.400000 30
123456789
123967.000000 5
123967.000000 235078.000000 30
123456789
123967.000000 235078.100000 30
123456789
123967.000000 235078.200000 30
123456789
123967.000000 235078.300000 30
123456789
123967.000000 235078.400000 30
123456789
123969.000000 5
123969.000000 235080.000000 30
123456789
123969.000000 235080.100000 30
123456789
123969.000000 235080.200000 30
123456789
123969.000000 235080.300000 30
123456789
123969.000000 235080.400000 30
123456789
123971.000000 5
123971.000000 235082.000000 30
123456789
123971.000000 235082.100000 30
123456789
123971.000000 235082.200000 30
123456789
123971.000000 235082.300000 30
123456789
123971.000000 235082.400000 30
123456789
123973.000000 5
123973.000000 235084.000000 30
123456789
123973.000000 235084.100000 30
123456789
123973.000000 235084.200000 30
123456789
123973.000000 235084.300000 30
123456789
123973.000000 235084.400000 30
123456789
123975.000000 5
123975.000000 235086.000000 30
123456789
123975.000000 235086.100000 30
123456789
123975.000000 235086.200000 30
123456789
123975.000000 235086.300000 30
123456789
123975.000000 235086.400000 30
123456789
123977.000000 5
123977.000000 235088.000000 30
123456789
123977.000000 235088.100000 30
123456789
123977.000000 235088.200000 30
123456789
123977.000000 235088.300000 30
123456789
123977.000000 235088.400000 30
123456789
123979.000000 5
123979.000000 235090.000000 30
123456789
123979.000000 235090.100000 30
123456789
123979.000000 235090.200000 30
123456789
123979.000000 235090.300000 30
123456789
123979.000000 235090.400000 30
123456789
123981.000000 5
123981.000000 235092.000000 30
123456789
123981.000000 235092.100000 30
123456789
123981.000000 235092.200000 30
123456789
123981.000000 235092.300000 30
123456789
123981.000000 235092.400000 30
123456789
123983.000000 5
123983.000000 235094.000000 30
123456789
123983.000000 235094.100000 30
123456789
123983.000000 235094.200000 30
123456789
123983.000000 235094.300000 30
123456789
123983.000000 235094.400000 30
123456789
123985.000000 5
123985.000000 235096.000000 30
123456789
123985.000000 235096.100000 30
123456789
123985.000000 235096.200000 30
123456789
123985.000000 235096.300000 30
123456789
123985.000000 235096.400000 30
123456789
123987.000000 5
123987.000000 235098.000000 30
123456789
123987.000000 235098.100000 30
123456789
123987.000000 235098.200000 30
123456789
123987.000000 235098.300000 30
123456789
123987.000000 235098.400000 30
123456789
123989.000000 5
123989.000000 235100.000000 30
123456789
123989.000000 235100.100000 30
123456789
123989.000000 235100.200000 30
123456789
123989.000000 235100.300000 30
123456789
123989.000000 235100.400000 30
123456789
123991.000000 5
123991.000000 235102.000000 30
123456789
123991.000000 235102.100000 30
123456789
123991.000000 235102.200000 30
123456789
123991.000000 235102.300000 30
123456789
123991.000000 235102.400000 30
123456789
123993.000000 5
123993.000000 235104.000000 30
123456789
123993.000000 235104.100000 30
123456789
123993.000000 235104.200000 30
123456789
123993.000000 235104.300000 30
123456789
123993.000000 235104.400000 30
123456789
123995.000000 5
123995.000000 235106.000000 30
123456789
123995.000000 235106.100000 30
123456789
123995.000000 235106.200000 30
123456789
123995.000000 235106.300000 30
123456789
123995.000000 235106.400000 30
123456789
123997.000000 5
123997.000000 235108.000000 30
123456789
123997.000000 235108.100000 30
123456789
123997.000000 235108.200000 30
123456789
123997.000000 235108.300000 30
123456789
123997.000000 235108.400000 30
123456789
123999.000000 5
123999.000000 235110.000000 30
123456789
123999.000000 235110.100000 30
123456789
123999.000000 235110.200000 30
123456789
123999.000000 235110.300000 30
123456789
123999.000000 235110.400000 30
123456789
124001.000000 5
124001.000000 235112.000000 30
123456789
124001.000000 235112.100000 30
123456789
124001.000000 235112.200000 30
123456789
124001.000000 235112.300000 30
123456789
124001.000000 235112.400000 30
123456789
124003.000000 5
124003.000000 235114.000000 30
123456789
124003.000000 235114.100000 30
123456789
124003.000000 235114.200000 30
123456789
124003.000000 235114.300000 30
123456789
124003.000000 235114.400000 30
123456789
124005.000000 5
124005.000000 235116.000000 30
123456789
124005.000000 235116.100000 30
123456789
124005.000000 235116.200000 30
123456789
124005.000000 235116.300000 30
123456789
124005.000000 235116.400000 30
123456789
124007.000000 5
124007.000000 235118.000000 30
123456789
124007.000000 235118.100000 30
123456789
124007.000000 235118.200000 30
123456789
124007.000000 235118.300000 30
123456789
124007.000000 235118.400000 30
123456789
124009.000000 5
124009.000000 235120.000000 30
123456789
124009.000000 235120.100000 30
123456789
124009.000000 235120.200000 30
123456789
124009.000000 235120.300000 30
123456789
124009.000000 235120.400000 30
123456789
124011.000000 5
124011.000000 235122.000000 30
123456789
124011.000000 235122.100000 30
123456789
124011.000000 235122.200000 30
123456789
124011.000000 235122.300000 30
123456789
124011.000000 235122.400000 30
123456789
124013.000000 5
124013.000000 235124.000000 30
123456789
124013.000000 235124.100000 30
123456789
124013.000000 235124.200000 30
123456789
124013.000000 235124.300000 30
123456789
124013.000000 235124.400000 30
123456789
124015.000000 5
124015.000000 235126.000000 30
123456789
124015.000000 235126.100000 30
123456789
124015.000000 235126.200000 30
123456789
124015.000000 235126.300000 30
123456789
124015.000000 235126.400000 30
123456789
124017.000000 5
124017.000000 235128.000000 30
123456789
124017.000000 235128.100000 30
123456789
124017.000000 235128.200000 30
123456789
124017.000000 235128.300000 30
123456789
124017.000000 235128.400000 30
123456789
124019.000000 5
124019.000000 235130.000000 30
123456789
124019.000000 235130.100000 30
123456789
124019.000000 235130.200000 30
123456789
124019.000000 235130.300000 30
123456789
124019.000000 235130.400000 30
123456789
124021.000000 5
124021.000000 235132.000000 30
123456789
124021.000000 235132.100000 30
123456789
124021.000000 235132.200000 30
123456789
124021.000000 235132.300000 30
123456789
124021.000000 235132.400000 30
123456789
124023.000000 5
124023.000000 235134.000000 30
123456789
124023.000000 235134.100000 30
123456789
124023.000000 235134.200000 30
123456789
124023.000000 235134.300000 30
123456789
124023.000000 235134.400000 30
123456789
124025.000000 5
124025.000000 235136.000000 30
123456789
124025.000000 235136.100000 30
123456789
124025.000000 235136.200000 30
123456789
124025.000000 235136.300000 30
123456789
124025.000000 235136.400000 30
123456789
124027.000000 5
124027.000000 235138.000000 30
123456789
124027.000000 235138.100000 30
123456789
124027.000000 235138.200000 30
123456789
124027.000000 235138.300000 30
123456789
124027.000000 235138.400000 30
123456789
124029.000000 5
124029.000000 235140.000000 30
123456789
124029.000000 235140.100000 30
123456789
124029.000000 235140.200000 30
123456789
124029.000000 235140.300000 30
123456789
124029.000000 235140.400000 30
123456789
124031.000000 5
124031.000000 235142.000000 30
123456789
124031.000000 235142.100000 30
123456789
124031.000000 235142.200000 30
123456789
124031.000000 235142.300000 30
123456789
124031.000000 235142.400000 30
123456789
124033.000000 5
124033.000000 235144.000000 30
123456789
124033.000000 235144.100000 30
123456789
124033.000000 235144.200000 30
123456789
124033.000000 235144.300000 30
123456789
124033.000000 235144.400000 30
123456789
124035.000000 5
124035.000000 235146.000000 30
123456789
124035.000000 235146.100000 30
123456789
124035.000000 235146.200000 30
123456789
124035.000000 235146.300000 30
123456789
124035.000000 235146.400000 30
123456789
124037.000000 5
124037.000000 235148.000000 30
123456789
124037.000000 235148.100000 30
123456789
124037.000000 235148.200000 30
123456789
124037.000000 235148.300000 30
123456789
124037.000000 235148.400000 30
123456789
124039.000000 5
124039.000000 235150.000000 30
123456789
124039.000000 235150.100000 30
123456789
124039.000000 235150.200000 30
123456789
124039.000000 235150.300000 30
123456789
124039.000000 235150.400000 30
123456789
124041.000000 5
124041.000000 235152.000000 30
123456789
124041.000000 235152.100000 30
123456789
124041.000000 235152.200000 30
123456789
124041.000000 235152.300000 30
123456789
124041.000000 235152.400000 30
123456789
124043.000000 5
124043.000000 235154.000000 30
123456789
124043.000000 235154.100000 30
123456789
124043.000000 235154.200000 30
123456789
124043.000000 235154.300000 30
123456789
124043.000000 235154.400000 30
123456789
124045.000000 5
124045.000000 235156.000000 30
123456789
124045.000000 235156.100000 30
123456789
124045.000000 235156.200000 30
123456789
124045.000000 235156.300000 30
123456789
124045.000000 235156.400000 30
123456789
124047.000000 5
124047.000000 235158.000000 30
123456789
124047.000000 235158.100000 30
123456789
124047.000000 235158.200000 30
123456789
124047.000000 235158.300000 30
123456789
124047.000000 235158.400000 30
123456789
124049.000000 5
124049.000000 235160.000000 30
123456789
124049.000000 235160.100000 30
123456789
124049.000000 235160.200000 30
123456789
124049.000000 235160.300000 30
123456789
124049.000000 235160.400000 30
123456789
124051.000000 5
124051.000000 235162.000000 30
123456789
124051.000000 235162.100000 30
123456789
124051.000000 235162.200000 30
123456789
124051.000000 235162.300000 30
123456789
124051.000000 235162.400000 30
123456789
124053.000000 5
124053.000000 235164.000000 30
123456789
124053.000000 235164.100000 30
123456789
124053.000000 235164.200000 30
123456789
124053.000000 235164.300000 30
123456789
124053.000000 235164.400000 30
123456789
124055.000000 5
124055.000000 235166.000000 30
123456789
124055.000000 235166.100000 30
123456789
124055.000000 235166.200000 30
123456789
124055.000000 235166.300000 30
123456789
124055.000000 235166.400000 30
123456789
124057.000000 5
124057.000000 235168.000000 30
123456789
124057.000000 235168.100000 30
123456789
124057.000000 235168.200000 30
123456789
124057.000000 235168.300000 30
123456789
124057.000000 235168.400000 30
123456789
124059.000000 5
124059.000000 235170.000000 30
123456789
124059.000000 235170.100000 30
123456789
124059.000000 235170.200000 30
123456789
124059.000000 235170.300000 30
123456789
124059.000000 235170.400000 30
123456789
124061.000000 5
124061.000000 235172.000000 30
123456789
124061.000000 235172.100000 30
123456789
124061.000000 235172.200000 30
123456789
124061.000000 235172.300000 30
123456789
124061.000000 235172.400000 30
123456789
124063.000000 5
124063.000000 235174.000000 30
123456789
124063.000000 235174.100000 30
123456789
124063.000000 235174.200000 30
123456789
124063.000000 235174.300000 30
123456789
124063.000000 235174.400000 30
123456789
124065.000000 5
124065.000000 235176.000000 30
123456789
124065.000000 235176.100000 30
123456789
124065.000000 235176.200000 30
123456789
124065.000000 235176.300000 30
123456789
124065.000000 235176.400000 30
123456789
124067.000000 5
124067.000000 235178.000000 30
123456789
124067.000000 235178.100000 30
123456789
124067.000000 235178.200000 30
123456789
124067.000000 235178.300000 30
123456789
124067.000000 235178.400000 30
123456789
124069.000000 5
124069.000000 235180.000000 30
123456789
124069.000000 235180.100000 30
123456789
124069.000000 235180.200000 30
123456789
124069.000000 235180.300000 30
123456789
124069.000000 235180.400000 30
123456789
124071.000000 5
124071.000000 235182.000000 30
123456789
124071.000000 235182.100000 30
123456789
124071.000000 235182.200000 30
123456789
124071.000000 235182.300000 30
123456789
124071.000000 235182.400000 30
123456789
124073.000000 5
124073.000000 235184.000000 30
123456789
124073.000000 235184.100000 30
123456789
124073.000000 235184.200000 30
123456789
124073.000000 235184.300000 30
123456789
124073.000000 235184.400000 30
123456789
124075.000000 5
124075.000000 235186.000000 30
123456789
124075.000000 235186.100000 30
123456789
124075.000000 235186.200000 30
123456789
124075.000000 235186.300000 30
123456789
124075.000000 235186.400000 30
123456789
124077.000000 5
124077.000000 235188.000000 30
123456789
124077.000000 235188.100000 30
123456789
124077.000000 235188.200000 30
123456789
124077.000000 235188.300000 30
123456789
124077.000000 235188.400000 30
123456789
124079.000000 5
124079.000000 235190.000000 30
123456789
124079.000000 235190.100000 30
123456789
124079.000000 235190.200000 30
123456789
124079.000000 235190.300000 30
123456789
124079.000000 235190.400000 30
123456789
124081.000000 5
124081.000000 235192.000000 30
123456789
124081.000000 235192.100000 30
123456789
124081.000000 235192.200000 30
123456789
124081.000000 235192.300000 30
123456789
124081.000000 235192.400000 30
123456789
124083.000000 5
124083.000000 235194.000000 30
123456789
124083.000000 235194.100000 30
123456789
124083.000000 235194.200000 30
123456789
124083.000000 235194.300000 30
123456789
124083.000000 235194.400000 30
123456789
124085.000000 5
124085.000000 235196.000000 30
123456789
124085.000000 235196.100000 30
123456789
124085.000000 235196.200000 30
123456789
124085.000000 235196.300000 30
123456789
124085.000000 235196.400000 30
123456789
124087.000000 5
124087.000000 235198.000000 30
123456789
124087.000000 235198.100000 30
123456789
124087.000000 235198.200000 30
123456789
124087.000000 235198.300000 30
123456789
124087.000000 235198.400000 30
123456789
124089.000000 5
124089.000000 235200.000000 30
123456789
124089.000000 235200.100000 30
123456789
124089.000000 235200.200000 30
123456789
124089.000000 235200.300000 30
123456789
124089.000000 235200.400000 30
123456789
124091.000000 5
124091.000000 235202.000000 30
123456789
124091.000000 235202.100000 30
123456789
124091.000000 235202.200000 30
123456789
124091.000000 235202.300000 30
123456789
124091.000000 235202.400000 30
123456789
124093.000000 5
124093.000000 235204.000000 30
123456789
124093.000000 235204.100000 30
123456789
124093.000000 235204.200000 30
123456789
124093.000000 235204.300000 30
123456789
124093.000000 235204.400000 30
123456789
124095.000000 5
124095.000000 235206.000000 30
123456789
124095.000000 235206.100000 30
123456789
124095.000000 235206.200000 30
123456789
124095.000000 235206.300000 30
123456789
124095.000000 235206.400000 30
123456789
124097.000000 5
124097.000000 235208.000000 30
123456789
124097.000000 235208.100000 30
123456789
124097.000000 235208.200000 30
123456789
124097.000000 235208.300000 30
123456789
124097.000000 235208.400000 30
123456789
124099.000000 5
124099.000000 235210.000000 30
123456789
124099.000000 235210.100000 30
123456789
124099.000000 235210.200000 30
123456789
124099.000000 235210.300000 30
123456789
124099.000000 235210.400000 30
123456789
124101.000000 5
124101.000000 235212.000000 30
123456789
124101.000000 235212.100000 30
123456789
124101.000000 235212.200000 30
123456789
124101.000000 235212.300000 30
123456789
124101.000000 235212.400000 30
123456789
124103.000000 5
124103.000000 235214.000000 30
123456789
124103.000000 235214.100000 30
123456789
124103.000000 235214.200000 30
123456789
124103.000000 235214.300000 30
123456789
124103.000000 235214.400000 30
123456789
124105.000000 5
124105.000000 235216.000000 30
123456789
124105.000000 235216.100000 30
123456789
124105.000000 235216.200000 30
123456789
124105.000000 235216.300000 30
123456789
124105.000000 235216.400000 30
123456789
124107.000000 5
124107.000000 235218.000000 30
123456789
124107.000000 235218.100000 30
123456789
124107.000000 235218.200000 30
123456789
124107.000000 235218.300000 30
123456789
124107.000000 235218.400000 30
123456789
124109.000000 5
124109.000000 235220.000000 30
123456789
124109.000000 235220.100000 30
123456789
124109.000000 235220.200000 30
123456789
124109.000000 235220.300000 30
123456789
124109.000000 235220.400000 30
123456789
124111.000000 5
124111.000000 235222.000000 30
123456789
124111.000000 235222.100000 30
123456789
124111.000000 235222.200000 30
123456789
124111.000000 235222.300000 30
123456789
124111.000000 235222.400000 30
123456789
124113.000000 5
124113.000000 235224.000000 30
123456789
124113.000000 235224.100000 30
123456789
124113.000000 235224.200000 30
123456789
124113.000000 235224.300000 30
123456789
124113.000000 235224.400000 30
123456789
124115.000000 5
124115.000000 235226.000000 30
123456789
124115.000000 235226.100000 30
123456789
124115.000000 235226.200000 30
123456789
124115.000000 235226.300000 30
123456789
124115.000000 235226.400000 30
123456789
124117.000000 5
124117.000000 235228.000000 30
123456789
124117.000000 235228.100000 30
123456789
124117.000000 235228.200000 30
123456789
124117.000000 235228.300000 30
123456789
124117.000000 235228.400000 30
123456789
124119.000000 5
124119.000000 235230.000000 30
123456789
124119.000000 235230.100000 30
123456789
124119.000000 235230.200000 30
123456789
124119.000000 235230.300000 30
123456789
124119.000000 235230.400000 30
123456789
124121.000000 5
124121.000000 235232.000000 30
123456789
124121.000000 235232.100000 30
123456789
124121.000000 235232.200000 30
123456789
124121.000000 235232.300000 30
123456789
124121.000000 235232.400000 30
123456789
124123.000000 5
124123.000000 235234.000000 30
123456789
124123.000000 235234.100000 30
123456789
124123.000000 235234.200000 30
123456789
124123.000000 235234.300000 30
123456789
124123.000000 235234.400000 30
123456789
124125.000000 5
124125.000000 235236.000000 30
123456789
124125.000000 235236.100000 30
123456789
124125.000000 235236.200000 30
123456789
124125.000000 235236.300000 30
123456789
124125.000000 235236.400000 30
123456789
124127.000000 5
124127.000000 235238.000000 30
123456789
124127.000000 235238.100000 30
123456789
124127.000000 235238.200000 30
123456789
124127.000000 235238.300000 30
123456789
124127.000000 235238.400000 30
123456789
124129.000000 5
124129.000000 235240.000000 30
123456789
124129.000000 235240.100000 30
123456789
124129.000000 235240.200000 30
123456789
124129.000000 235240.300000 30
123456789
124129.000000 235240.400000 30
123456789
124131.000000 5
124131.000000 235242.000000 30
123456789
124131.000000 235242.100000 30
123456789
124131.000000 235242.200000 30
123456789
124131.000000 235242.300000 30
123456789
124131.000000 235242.400000 30
123456789
124133.000000 5
124133.000000 235244.000000 30
123456789
124133.000000 235244.100000 30
123456789
124133.000000 235244.200000 30
123456789
124133.000000 235244.300000 30
123456789
124133.000000 235244.400000 30
123456789
124135.000000 5
124135.000000 235246.000000 30
123456789
124135.000000 235246.100000 30
123456789
124135.000000 235246.200000 30
123456789
124135.000000 235246.300000 30
123456789
124135.000000 235246.400000 30
123456789
124137.000000 5
124137.000000 235248.000000 30
123456789
124137.000000 235248.100000 30
123456789
124137.000000 235248.200000 30
123456789
124137.000000 235248.300000 30
123456789
124137.000000 235248.400000 30
123456789
124139.000000 5
124139.000000 235250.000000 30
123456789
124139.000000 235250.100000 30
123456789
124139.000000 235250.200000 30
123456789
124139.000000 235250.300000 30
123456789
124139.000000 235250.400000 30
123456789
124141.000000 5
124141.000000 235252.000000 30
123456789
124141.000000 235252.100000 30
123456789
124141.000000 235252.200000 30
123456789
124141.000000 235252.300000 30
123456789
124141.000000 235252.400000 30
123456789
124143.000000 5
124143.000000 235254.000000 30
123456789
124143.000000 235254.100000 30
123456789
124143.000000 235254.200000 30
123456789
124143.000000 235254.300000 30
123456789
124143.000000 235254.400000 30
123456789
124145.000000 5
124145.000000 235256.000000 30
123456789
124145.000000 235256.100000 30
123456789
124145.000000 235256.200000 30
123456789
124145.000000 235256.300000 30
123456789
124145.000000 235256.400000 30
123456789
124147.000000 5
124147.000000 235258.000000 30
123456789
124147.000000 235258.100000 30
123456789
124147.000000 235258.200000 30
123456789
124147.000000 235258.300000 30
123456789
124147.000000 235258.400000 30
123456789
124149.000000 5
124149.000000 235260.000000 30
123456789
124149.000000 235260.100000 30
123456789
124149.000000 235260.200000 30
123456789
124149.000000 235260.300000 30
123456789
124149.000000 235260.400000 30
123456789
124151.000000 5
124151.000000 235262.000000 30
123456789
124151.000000 235262.100000 30
123456789
124151.000000 235262.200000 30
123456789
124151.000000 235262.300000 30
123456789
124151.000000 235262.400000 30
123456789
124153.000000 5
124153.000000 235264.000000 30
123456789
124153.000000 235264.100000 30
123456789
124153.000000 235264.200000 30
123456789
124153.000000 235264.300000 30
123456789
124153.000000 235264.400000 30
123456789
124155.000000 5
124155.000000 235266.000000 30
123456789
124155.000000 235266.100000 30
123456789
124155.000000 235266.200000 30
123456789
124155.000000 235266.300000 30
123456789
124155.000000 235266.400000 30
123456789
124157.000000 5
124157.000000 235268.000000 30
123456789
124157.000000 235268.100000 30
123456789
124157.000000 235268.200000 30
123456789
124157.000000 235268.300000 30
123456789
124157.000000 235268.400000 30
123456789
124159.000000 5
124159.000000 235270.000000 30
123456789
124159.000000 235270.100000 30
123456789
124159.000000 235270.200000 30
123456789
124159.000000 235270.300000 30
123456789
124159.000000 235270.400000 30
123456789
124161.000000 5
124161.000000 235272.000000 30
123456789
124161.000000 235272.100000 30
123456789
124161.000000 235272.200000 30
123456789
124161.000000 235272.300000 30
123456789
124161.000000 235272.400000 30
123456789
124163.000000 5
124163.000000 235274.000000 30
123456789
124163.000000 235274.100000 30
123456789
124163.000000 235274.200000 30
123456789
124163.000000 235274.300000 30
123456789
124163.000000 235274.400000 30
123456789
124165.000000 5
124165.000000 235276.000000 30
123456789
124165.000000 235276.100000 30
123456789
124165.000000 235276.200000 30
123456789
124165.000000 235276.300000 30
123456789
124165.000000 235276.400000 30
123456789
124167.000000 5
124167.000000 235278.000000 30
123456789
124167.000000 235278.100000 30
123456789
124167.000000 235278.200000 30
123456789
124167.000000 235278.300000 30
123456789
124167.000000 235278.400000 30
123456789
124169.000000 5
124169.000000 235280.000000 30
123456789
124169.000000 235280.100000 30
123456789
124169.000000 235280.200000 30
123456789
124169.000000 235280.300000 30
123456789
124169.000000 235280.400000 30
123456789
124171.000000 5
124171.000000 235282.000000 30
123456789
124171.000000 235282.100000 30
123456789
124171.000000 235282.200000 30
123456789
124171.000000 235282.300000 30
123456789
124171.000000 235282.400000 30
123456789
124173.000000 5
124173.000000 235284.000000 30
123456789
124173.000000 235284.100000 30
123456789
124173.000000 235284.200000 30
123456789
124173.000000 235284.300000 30
123456789
124173.000000 235284.400000 30
123456789
124175.000000 5
124175.000000 235286.000000 30
123456789
124175.000000 235286.100000 30
123456789
124175.000000 235286.200000 30
123456789
124175.000000 235286.300000 30
123456789
124175.000000 235286.400000 30
123456789
124177.000000 5
124177.000000 235288.000000 30
123456789
124177.000000 235288.100000 30
123456789
124177.000000 235288.200000 30
123456789
124177.000000 235288.300000 30
123456789
124177.000000 235288.400000 30
123456789
124179.000000 5
124179.000000 235290.000000 30
123456789
124179.000000 235290.100000 30
123456789
124179.000000 235290.200000 30
123456789
124179.000000 235290.300000 30
123456789
124179.000000 235290.400000 30
123456789
124181.000000 5
124181.000000 235292.000000 30
123456789
124181.000000 235292.100000 30
123456789
124181.000000 235292.200000 30
123456789
124181.000000 235292.300000 30
123456789
124181.000000 235292.400000 30
123456789
124183.000000 5
124183.000000 235294.000000 30
123456789
124183.000000 235294.100000 30
123456789
124183.000000 235294.200000 30
123456789
124183.000000 235294.300000 30
123456789
124183.000000 235294.400000 30
123456789
124185.000000 5
124185.000000 235296.000000 30
123456789
124185.000000 235296.100000 30
123456789
124185.000000 235296.200000 30
123456789
124185.000000 235296.300000 30
123456789
124185.000000 235296.400000 30
123456789
124187.000000 5
124187.000000 235298.000000 30
123456789
124187.000000 235298.100000 30
123456789
124187.000000 235298.200000 30
123456789
124187.000000 235298.300000 30
123456789
124187.000000 235298.400000 30
123456789
124189.000000 5
124189.000000 235300.000000 30
123456789
124189.000000 235300.100000 30
123456789
124189.000000 235300.200000 30
123456789
124189.000000 235300.300000 30
123456789
124189.000000 235300.400000 30
123456789
124191.000000 5
124191.000000 235302.000000 30
123456789
124191.000000 235302.100000 30
123456789
124191.000000 235302.200000 30
123456789
124191.000000 235302.300000 30
123456789
124191.000000 235302.400000 30
123456789
124193.000000 5
124193.000000 235304.000000 30
123456789
124193.000000 235304.100000 30
123456789
124193.000000 235304.200000 30
123456789
124193.000000 235304.300000 30
123456789
124193.000000 235304.400000 30
123456789
124195.000000 5
124195.000000 235306.000000 30
123456789
124195.000000 235306.100000 30
123456789
124195.000000 235306.200000 30
123456789
124195.000000 235306.300000 30
123456789
124195.000000 235306.400000 30
123456789
124197.000000 5
124197.000000 235308.000000 30
123456789
124197.000000 235308.100000 30
123456789
124197.000000 235308.200000 30
123456789
124197.000000 235308.300000 30
123456789
124197.000000 235308.400000 30
123456789
124199.000000 5
124199.000000 235310.000000 30
123456789
124199.000000 235310.100000 30
123456789
124199.000000 235310.200000 30
123456789
124199.000000 235310.300000 30
123456789
124199.000000 235310.400000 30
123456789
124201.000000 5
124201.000000 235312.000000 30
123456789
124201.000000 235312.100000 30
123456789
124201.000000 235312.200000 30
123456789
124201.000000 235312.300000 30
123456789
124201.000000 235312.400000 30
123456789
124203.000000 5
124203.000000 235314.000000 30
123456789
124203.000000 235314.100000 30
123456789
124203.000000 235314.200000 30
123456789
124203.000000 235314.300000 30
123456789
124203.000000 235314.400000 30
123456789
124205.000000 5
124205.000000 235316.000000 30
123456789
124205.000000 235316.100000 30
123456789
124205.000000 235316.200000 30
123456789
124205.000000 235316.300000 30
123456789
124205.000000 235316.400000 30
123456789
124207.000000 5
124207.000000 235318.000000 30
123456789
124207.000000 235318.100000 30
123456789
124207.000000 235318.200000 30
123456789
124207.000000 235318.300000 30
123456789
124207.000000 235318.400000 30
123456789
124209.000000 5
124209.000000 235320.000000 30
123456789
124209.000000 235320.100000 30
123456789
124209.000000 235320.200000 30
123456789
124209.000000 235320.300000 30
123456789
124209.000000 235320.400000 30
123456789
124211.000000 5
124211.000000 235322.000000 30
123456789
124211.000000 235322.100000 30
123456789
124211.000000 235322.200000 30
123456789
124211.000000 235322.300000 30
123456789
124211.000000 235322.400000 30
123456789
124213.000000 5
124213.000000 235324.000000 30
123456789
124213.000000 235324.100000 30
123456789
124213.000000 235324.200000 30
123456789
124213.000000 235324.300000 30
123456789
124213.000000 235324.400000 30
123456789
124215.000000 5
124215.000000 235326.000000 30
123456789
124215.000000 235326.100000 30
123456789
124215.000000 235326.200000 30
123456789
124215.000000 235326.300000 30
123456789
124215.000000 235326.400000 30
123456789
124217.000000 5
124217.000000 235328.000000 30
123456789
124217.000000 235328.100000 30
123456789
124217.000000 235328.200000 30
123456789
124217.000000 235328.300000 30
123456789
124217.000000 235328.400000 30
123456789
124219.000000 5
124219.000000 235330.000000 30
123456789
124219.000000 235330.100000 30
123456789
124219.000000 235330.200000 30
123456789
124219.000000 235330.300000 30
123456789
124219.000000 235330.400000 30
123456789
124221.000000 5
124221.000000 235332.000000 30
123456789
124221.000000 235332.100000 30
123456789
124221.000000 235332.200000 30
123456789
124221.000000 235332.300000 30
123456789
124221.000000 235332.400000 30
123456789
124223.000000 5
124223.000000 235334.000000 30
123456789
124223.000000 235334.100000 30
123456789
124223.000000 235334.200000 30
123456789
124223.000000 235334.300000 30
123456789
124223.000000 235334.400000 30
123456789
124225.000000 5
124225.000000 235336.000000 30
123456789
124225.000000 235336.100000 30
123456789
124225.000000 235336.200000 30
123456789
124225.000000 235336.300000 30
123456789
124225.000000 235336.400000 30
123456789
124227.000000 5
124227.000000 235338.000000 30
123456789
124227.000000 235338.100000 30
123456789
124227.000000 235338.200000 30
123456789
124227.000000 235338.300000 30
123456789
124227.000000 235338.400000 30
123456789
124229.000000 5
124229.000000 235340.000000 30
123456789
124229.000000 235340.100000 30
123456789
124229.000000 235340.200000 30
123456789
124229.000000 235340.300000 30
123456789
124229.000000 235340.400000 30
123456789
124231.000000 5
124231.000000 235342.000000 30
123456789
124231.000000 235342.100000 30
123456789
124231.000000 235342.200000 30
123456789
124231.000000 235342.300000 30
123456789
124231.000000 235342.400000 30
123456789
124233.000000 5
124233.000000 235344.000000 30
123456789
124233.000000 235344.100000 30
123456789
124233.000000 235344.200000 30
123456789
124233.000000 235344.300000 30
123456789
124233.000000 235344.400000 30
123456789
124235.000000 5
124235.000000 235346.000000 30
123456789
124235.000000 235346.100000 30
123456789
124235.000000 235346.200000 30
123456789
124235.000000 235346.300000 30
123456789
124235.000000 235346.400000 30
123456789
124237.000000 5
124237.000000 235348.000000 30
123456789
124237.000000 235348.100000 30
123456789
124237.000000 235348.200000 30
123456789
124237.000000 235348.300000 30
123456789
124237.000000 235348.400000 30
123456789
124239.000000 5
124239.000000 235350.000000 30
123456789
124239.000000 235350.100000 30
123456789
124239.000000 235350.200000 30
123456789
124239.000000 235350.300000 30
123456789
124239.000000 235350.400000 30
123456789
124241.000000 5
124241.000000 235352.000000 30
123456789
124241.000000 235352.100000 30
123456789
124241.000000 235352.200000 30
123456789
124241.000000 235352.300000 30
123456789
124241.000000 235352.400000 30
123456789
124243.000000 5
124243.000000 235354.000000 30
123456789
124243.000000 235354.100000 30
123456789
124243.000000 235354.200000 30
123456789
124243.000000 235354.300000 30
123456789
124243.000000 235354.400000 30
123456789
124245.000000 5
124245.000000 235356.000000 30
123456789
124245.000000 235356.100000 30
123456789
124245.000000 235356.200000 30
123456789
124245.000000 235356.300000 30
123456789
124245.000000 235356.400000 30
123456789
124247.000000 5
124247.000000 235358.000000 30
123456789
124247.000000 235358.100000 30
123456789
124247.000000 235358.200000 30
123456789
124247.000000 235358.300000 30
123456789
124247.000000 235358.400000 30
123456789
124249.000000 5
124249.000000 235360.000000 30
123456789
124249.000000 235360.100000 30
123456789
124249.000000 235360.200000 30
123456789
124249.000000 235360.300000 30
123456789
124249.000000 235360.400000 30
123456789
124251.000000 5
124251.000000 235362.000000 30
123456789
124251.000000 235362.100000 30
123456789
124251.000000 235362.200000 30
123456789
124251.000000 235362.300000 30
123456789
124251.000000 235362.400000 30
123456789
124253.000000 5
124253.000000 235364.000000 30
123456789
124253.000000 235364.100000 30
123456789
124253.000000 235364.200000 30
123456789
124253.000000 235364.300000 30
123456789
124253.000000 235364.400000 30
123456789
124255.000000 5
124255.000000 235366.000000 30
123456789
124255.000000 235366.100000 30
123456789
124255.000000 235366.200000 30
123456789
124255.000000 235366.300000 30
123456789
124255.000000 235366.400000 30
123456789
124257.000000 5
124257.000000 235368.000000 30
123456789
124257.000000 235368.100000 30
123456789
124257.000000 235368.200000 30
123456789
124257.000000 235368.300000 30
123456789
124257.000000 235368.400000 30
123456789
